0.0 2.97 3.63 3.43 4.23 5.32 1.13 4.85 2.08 4.32 2.39 4.09 4.92
2.0 0.0 1.24 1.77 4.26 3.46 1.89 2.99 1.09 5.2 0.86 4.97 5.8
2.65 2.09 0.0 3.09 5.52 4.97 2.54 4.5 1.74 5.61 1.51 5.38 6.21
2.29 0.35 1.05 0.0 4.07 3.27 2.17 2.81 1.38 5.49 1.14 5.26 6.09
4.34 3.98 3.99 3.66 0.0 3.26 3.41 2.79 4.36 3.04 4.67 2.24 2.3
3.86 2.68 2.69 2.36 2.72 0.0 4.02 0.52 3.07 5.36 3.45 4.47 3.75
1.0 2.06 2.68 2.36 4.27 4.25 0.0 3.78 1.01 4.35 1.4 4.12 4.95
5.44 4.26 4.26 3.94 4.35 3.51 5.6 0.0 4.64 7.33 5.03 6.53 6.59
1.82 1.14 1.76 1.43 4.12 3.33 1.98 2.86 0.0 5.17 1.42 4.94 5.77
4.38 5.28 5.85 5.62 2.57 4.69 3.44 4.22 4.39 0.0 4.7 0.36 1.85
2.02 1.87 2.53 2.87 4.32 4.75 1.09 4.28 1.52 4.4 0.0 4.17 5.0
4.22 5.13 5.7 5.58 3.0 5.55 3.29 5.08 4.24 0.98 4.55 0.0 2.79
5.26 6.16 6.54 6.21 3.27 4.88 4.32 4.41 5.27 2.13 5.58 1.24 0.0
