0.0 0.64 0.1 0.11 0.11 0.28 0.84 1.47 1.62 0.85 0.84 0.94 0.97 1.52 1.52 1.15 1.12 1.1 0.89 0.86 0.99 1.15 0.78 0.91 1.22 0.94 1.5 1.83 1.57 1.65 1.57 1.72 1.72 1.96 0.97 0.89 2.14 2.14 1.19 1.38 1.36 1.4 1.4 1.56 1.27 1.29 2.06 1.42 1.28 1.15 1.87 1.91 1.15 2.42 2.06 1.97 1.99 2.23 2.21 2.4 1.85 3.01 2.83 2.17 2.34 2.35 2.32 2.35 2.23 2.37 2.4
0.64 0.0 0.71 0.74 0.72 0.37 0.37 1.0 1.15 0.38 0.37 0.48 0.5 1.05 1.05 0.68 0.65 0.63 0.42 0.39 0.53 0.68 0.31 0.45 0.75 0.68 1.03 1.36 1.1 1.18 1.1 1.25 1.25 1.49 0.5 0.42 1.67 1.67 0.72 0.91 0.89 0.93 0.93 1.1 0.81 0.82 1.59 0.95 0.81 0.68 1.4 1.45 0.68 1.95 1.59 1.51 1.52 1.76 1.74 1.93 1.38 2.54 2.36 1.7 1.87 1.88 1.85 1.88 1.76 1.9 1.93
0.1 0.71 0.0 0.03 0.01 0.36 0.92 1.54 1.69 0.92 0.91 1.02 1.05 1.6 1.59 1.22 1.2 1.18 0.96 0.93 1.07 1.23 0.86 0.99 1.29 1.04 1.57 1.91 1.64 1.72 1.64 1.79 1.79 2.03 1.04 0.96 2.22 2.21 1.26 1.46 1.43 1.47 1.48 1.64 1.35 1.37 2.14 1.5 1.36 1.22 1.94 1.99 1.22 2.49 2.13 2.05 2.07 2.31 2.28 2.48 1.92 3.08 2.91 2.25 2.41 2.43 2.4 2.42 2.31 2.45 2.47
0.11 0.74 0.03 0.0 0.02 0.39 0.95 1.57 1.72 0.95 0.94 1.05 1.07 1.62 1.62 1.25 1.23 1.21 0.99 0.96 1.1 1.26 0.89 1.02 1.32 1.03 1.6 1.93 1.67 1.75 1.67 1.82 1.82 2.06 1.07 0.99 2.24 2.24 1.29 1.48 1.46 1.5 1.5 1.67 1.38 1.4 2.17 1.53 1.39 1.25 1.97 2.02 1.25 2.52 2.16 2.08 2.09 2.34 2.31 2.51 1.95 3.11 2.94 2.28 2.44 2.46 2.43 2.45 2.34 2.48 2.5
0.11 0.72 0.01 0.02 0.0 0.37 0.92 1.55 1.7 0.93 0.92 1.03 1.05 1.6 1.6 1.23 1.21 1.18 0.97 0.94 1.08 1.23 0.86 1.0 1.3 1.05 1.58 1.91 1.65 1.73 1.65 1.8 1.8 2.04 1.05 0.97 2.22 2.22 1.27 1.46 1.44 1.48 1.48 1.65 1.36 1.37 2.14 1.51 1.36 1.23 1.95 2.0 1.23 2.5 2.14 2.06 2.07 2.31 2.29 2.48 1.93 3.09 2.91 2.25 2.42 2.43 2.4 2.43 2.31 2.45 2.48
0.28 0.37 0.36 0.39 0.37 0.0 0.57 1.2 1.35 0.58 0.57 0.68 0.7 1.25 1.25 0.88 0.85 0.83 0.62 0.59 0.73 0.88 0.51 0.65 0.95 0.88 1.23 1.56 1.3 1.38 1.3 1.45 1.45 1.69 0.7 0.62 1.87 1.87 0.92 1.11 1.09 1.13 1.13 1.3 1.01 1.02 1.79 1.15 1.01 0.88 1.6 1.64 0.88 2.15 1.79 1.71 1.72 1.96 1.94 2.13 1.58 2.74 2.56 1.9 2.07 2.08 2.05 2.08 1.96 2.1 2.13
0.84 0.37 0.92 0.95 0.92 0.57 0.0 1.2 1.35 0.04 0.03 0.14 0.22 1.26 1.26 0.88 0.86 0.84 0.08 0.05 0.51 0.51 0.3 0.11 0.41 0.67 1.01 1.35 1.08 1.16 1.09 1.24 1.23 1.7 0.16 0.08 1.88 1.88 0.38 0.58 0.55 0.59 0.59 0.76 0.47 0.49 1.8 1.16 0.48 0.34 1.28 1.28 0.34 2.16 1.25 1.17 1.19 1.43 1.4 2.14 1.04 2.75 2.57 1.91 2.08 2.09 2.06 2.09 1.97 2.11 2.14
1.47 1.0 1.54 1.57 1.55 1.2 1.2 0.0 0.15 1.21 1.2 1.31 1.33 0.34 0.31 1.0 0.87 0.85 1.25 1.22 1.36 1.51 1.14 1.28 1.58 1.51 1.86 2.19 1.93 2.01 1.93 2.08 2.08 1.35 1.33 1.25 1.95 1.95 1.55 1.74 1.72 1.76 1.76 1.53 1.33 1.35 1.27 1.24 1.18 1.51 0.4 0.45 1.51 2.03 2.42 2.34 2.35 2.59 2.57 1.61 2.21 1.54 1.37 0.71 0.87 0.89 0.85 0.94 0.76 0.91 0.93
1.62 1.15 1.69 1.72 1.7 1.35 1.35 0.15 0.0 1.36 1.35 1.46 1.48 0.49 0.46 1.15 1.02 1.0 1.4 1.37 1.51 1.66 1.29 1.43 1.73 1.66 2.01 2.34 2.08 2.16 2.08 2.23 2.23 1.49 1.48 1.4 2.1 2.1 1.52 1.75 1.72 1.76 1.76 1.41 1.21 1.23 1.42 1.39 1.07 1.66 0.28 0.33 1.66 2.18 2.57 2.49 2.5 2.74 2.72 1.76 2.36 1.5 1.33 0.67 0.83 0.85 0.81 0.9 0.72 0.87 0.89
0.85 0.38 0.92 0.95 0.93 0.58 0.04 1.21 1.36 0.0 0.01 0.14 0.22 1.26 1.26 0.89 0.87 0.84 0.08 0.05 0.52 0.51 0.31 0.11 0.41 0.67 1.02 1.35 1.09 1.17 1.09 1.24 1.24 1.7 0.16 0.08 1.88 1.88 0.38 0.58 0.55 0.59 0.59 0.76 0.47 0.49 1.81 1.17 0.48 0.34 1.28 1.28 0.34 2.16 1.25 1.17 1.19 1.43 1.4 2.15 1.04 2.75 2.58 1.92 2.08 2.1 2.06 2.09 1.97 2.12 2.14
0.84 0.37 0.91 0.94 0.92 0.57 0.03 1.2 1.35 0.01 0.0 0.13 0.2 1.25 1.25 0.88 0.86 0.83 0.07 0.04 0.51 0.5 0.29 0.1 0.4 0.66 1.01 1.34 1.08 1.16 1.08 1.23 1.23 1.69 0.15 0.07 1.87 1.87 0.37 0.56 0.54 0.58 0.58 0.75 0.46 0.47 1.79 1.16 0.47 0.33 1.26 1.27 0.33 2.15 1.24 1.16 1.17 1.42 1.39 2.13 1.03 2.74 2.56 1.9 2.07 2.08 2.05 2.08 1.96 2.1 2.13
0.94 0.48 1.02 1.05 1.03 0.68 0.14 1.31 1.46 0.14 0.13 0.0 0.17 1.36 1.36 0.99 0.96 0.94 0.07 0.15 0.54 0.47 0.33 0.1 0.4 0.7 1.04 1.38 1.11 1.19 1.12 1.27 1.26 1.8 0.26 0.18 1.98 1.98 0.48 0.67 0.65 0.69 0.69 0.85 0.56 0.58 1.9 1.26 0.57 0.44 1.37 1.38 0.43 2.26 1.35 1.26 1.28 1.52 1.5 2.24 1.14 2.85 2.67 2.01 2.18 2.19 2.16 2.19 2.07 2.21 2.24
0.97 0.5 1.05 1.07 1.05 0.7 0.22 1.33 1.48 0.22 0.2 0.17 0.0 1.39 1.38 1.01 0.99 0.97 0.15 0.22 0.46 0.3 0.31 0.17 0.47 0.67 1.02 1.35 1.09 1.17 1.09 1.24 1.24 1.82 0.33 0.25 2.01 2.0 0.55 0.75 0.72 0.76 0.77 0.93 0.64 0.66 1.93 1.29 0.65 0.51 1.45 1.45 0.51 2.28 1.42 1.34 1.36 1.6 1.57 2.27 1.21 2.87 2.7 2.04 2.21 2.22 2.19 2.21 2.1 2.24 2.27
1.52 1.05 1.6 1.62 1.6 1.25 1.26 0.34 0.49 1.26 1.25 1.36 1.39 0.0 0.58 1.05 0.93 0.91 1.3 1.27 1.41 1.57 1.2 1.33 1.63 1.56 1.91 2.25 1.98 2.06 1.99 2.14 2.13 1.63 1.38 1.3 2.01 2.01 1.6 1.8 1.77 1.82 1.82 1.86 1.67 1.69 1.56 1.29 1.52 1.57 0.74 0.79 1.56 2.29 2.48 2.39 2.41 2.65 2.63 1.9 2.26 1.88 1.7 1.04 1.21 1.22 1.19 1.28 1.1 1.24 1.27
1.52 1.05 1.59 1.62 1.6 1.25 1.26 0.31 0.46 1.26 1.25 1.36 1.38 0.58 0.0 0.98 0.86 0.83 1.3 1.27 1.41 1.56 1.2 1.33 1.63 1.56 1.91 2.24 1.98 2.06 1.98 2.13 2.13 1.47 1.38 1.3 1.94 1.93 1.6 1.79 1.77 1.81 1.81 1.83 1.64 1.66 1.42 1.22 1.49 1.56 0.71 0.75 1.56 2.15 2.47 2.39 2.4 2.65 2.62 1.76 2.26 1.85 1.67 1.01 1.18 1.19 1.16 1.24 1.07 1.21 1.24
1.15 0.68 1.22 1.25 1.23 0.88 0.88 1.0 1.15 0.89 0.88 0.99 1.01 1.05 0.98 0.0 0.17 0.45 0.93 0.9 1.04 1.19 0.82 0.96 1.26 1.19 1.54 1.87 1.61 1.69 1.61 1.76 1.76 0.81 1.01 0.93 0.99 0.99 1.23 1.42 1.4 1.44 1.44 1.61 1.32 1.33 1.09 0.28 1.32 1.19 1.4 1.44 1.19 1.27 2.1 2.02 2.03 2.27 2.25 1.43 1.89 2.06 2.36 1.7 1.87 1.88 1.85 1.66 1.76 1.9 1.9
1.12 0.65 1.2 1.23 1.21 0.85 0.86 0.87 1.02 0.87 0.86 0.96 0.99 0.93 0.86 0.17 0.0 0.3 0.9 0.88 1.01 1.17 0.8 0.93 1.23 1.17 1.51 1.85 1.59 1.66 1.59 1.74 1.73 0.86 0.99 0.91 1.08 1.08 1.21 1.4 1.38 1.42 1.42 1.58 1.29 1.31 0.94 0.36 1.3 1.17 1.27 1.32 1.16 1.36 2.08 1.99 2.01 2.25 2.23 1.28 1.87 1.91 2.24 1.58 1.75 1.76 1.73 1.51 1.64 1.78 1.75
1.1 0.63 1.18 1.21 1.18 0.83 0.84 0.85 1.0 0.84 0.83 0.94 0.97 0.91 0.83 0.45 0.3 0.0 0.88 0.85 0.99 1.15 0.78 0.91 1.21 1.14 1.49 1.83 1.56 1.64 1.57 1.72 1.71 1.16 0.96 0.88 1.38 1.38 1.18 1.38 1.35 1.4 1.4 1.56 1.27 1.29 1.14 0.66 1.28 1.15 1.25 1.3 1.14 1.66 2.06 1.97 1.99 2.23 2.21 1.48 1.84 2.05 2.11 1.55 1.65 1.71 1.66 1.31 1.49 1.64 1.58
0.89 0.42 0.96 0.99 0.97 0.62 0.08 1.25 1.4 0.08 0.07 0.07 0.15 1.3 1.3 0.93 0.9 0.88 0.0 0.09 0.55 0.44 0.34 0.04 0.34 0.71 1.06 1.39 1.13 1.21 1.13 1.28 1.28 1.74 0.2 0.12 1.92 1.92 0.42 0.61 0.59 0.63 0.63 0.79 0.5 0.52 1.84 1.2 0.51 0.38 1.31 1.32 0.38 2.2 1.29 1.2 1.22 1.46 1.44 2.18 1.08 2.79 2.61 1.95 2.12 2.13 2.1 2.13 2.01 2.15 2.18
0.86 0.39 0.93 0.96 0.94 0.59 0.05 1.22 1.37 0.05 0.04 0.15 0.22 1.27 1.27 0.9 0.88 0.85 0.09 0.0 0.53 0.52 0.31 0.12 0.42 0.68 1.03 1.36 1.1 1.18 1.1 1.25 1.25 1.71 0.11 0.04 1.89 1.89 0.33 0.52 0.5 0.54 0.54 0.71 0.42 0.44 1.81 1.17 0.43 0.29 1.23 1.23 0.29 2.17 1.2 1.12 1.13 1.38 1.35 2.15 0.99 2.76 2.58 1.92 2.09 2.1 2.07 2.1 1.98 2.12 2.15
0.99 0.53 1.07 1.1 1.08 0.73 0.51 1.36 1.51 0.52 0.51 0.54 0.46 1.41 1.41 1.04 1.01 0.99 0.55 0.53 0.0 0.16 0.25 0.58 0.88 0.59 0.85 1.15 0.88 1.0 0.9 1.03 1.03 1.85 0.64 0.56 2.03 2.03 0.86 1.05 1.03 1.07 1.07 1.23 0.94 0.96 1.95 1.31 0.95 0.82 1.75 1.76 0.81 2.31 1.73 1.64 1.66 1.9 1.88 2.29 1.52 2.9 2.72 2.06 2.23 2.24 2.21 2.24 2.12 2.26 2.29
1.15 0.68 1.23 1.26 1.23 0.88 0.51 1.51 1.66 0.51 0.5 0.47 0.3 1.57 1.56 1.19 1.17 1.15 0.44 0.52 0.16 0.0 0.41 0.46 0.74 0.74 1.0 1.1 0.82 1.15 1.06 0.99 0.98 2.0 0.63 0.55 2.19 2.19 0.85 1.04 1.02 1.06 1.06 1.22 0.93 0.95 2.11 1.47 0.94 0.81 1.74 1.75 0.81 2.47 1.72 1.63 1.65 1.89 1.87 2.45 1.51 3.06 2.88 2.22 2.39 2.4 2.37 2.4 2.28 2.42 2.45
0.78 0.31 0.86 0.89 0.86 0.51 0.3 1.14 1.29 0.31 0.29 0.33 0.31 1.2 1.2 0.82 0.8 0.78 0.34 0.31 0.25 0.41 0.0 0.37 0.67 0.41 0.76 1.09 0.83 0.91 0.83 0.98 0.98 1.63 0.42 0.35 1.82 1.82 0.64 0.84 0.81 0.86 0.86 1.02 0.73 0.75 1.74 1.1 0.74 0.61 1.54 1.54 0.6 2.1 1.52 1.43 1.45 1.69 1.67 2.08 1.3 2.69 2.51 1.85 2.02 2.03 2.0 2.03 1.91 2.05 2.08
0.91 0.45 0.99 1.02 1.0 0.65 0.11 1.28 1.43 0.11 0.1 0.1 0.17 1.33 1.33 0.96 0.93 0.91 0.04 0.12 0.58 0.46 0.37 0.0 0.3 0.74 1.09 1.42 1.16 1.24 1.16 1.31 1.31 1.77 0.23 0.15 1.95 1.95 0.45 0.64 0.62 0.66 0.66 0.82 0.53 0.55 1.87 1.23 0.54 0.41 1.34 1.35 0.4 2.23 1.32 1.23 1.25 1.49 1.47 2.21 1.11 2.82 2.64 1.98 2.15 2.16 2.13 2.16 2.04 2.18 2.21
1.22 0.75 1.29 1.32 1.3 0.95 0.41 1.58 1.73 0.41 0.4 0.4 0.47 1.63 1.63 1.26 1.23 1.21 0.34 0.42 0.88 0.74 0.67 0.3 0.0 1.04 1.39 1.72 1.46 1.54 1.46 1.61 1.61 2.07 0.53 0.45 2.25 2.25 0.75 0.94 0.92 0.96 0.96 1.12 0.83 0.85 2.17 1.53 0.84 0.71 1.64 1.65 0.71 2.53 1.62 1.53 1.55 1.79 1.77 2.51 1.41 3.12 2.94 2.28 2.45 2.46 2.43 2.46 2.34 2.48 2.51
0.94 0.68 1.04 1.03 1.05 0.88 0.67 1.51 1.66 0.67 0.66 0.7 0.67 1.56 1.56 1.19 1.17 1.14 0.71 0.68 0.59 0.74 0.41 0.74 1.04 0.0 0.68 1.02 1.04 0.83 0.75 0.91 0.9 2.0 0.79 0.71 2.18 2.18 1.01 1.2 1.18 1.22 1.22 1.39 1.1 1.12 2.11 1.47 1.11 0.97 1.91 1.91 0.97 2.46 1.88 1.8 1.81 2.06 2.03 2.45 1.67 3.05 2.88 2.22 2.38 2.4 2.36 2.39 2.27 2.42 2.44
1.5 1.03 1.57 1.6 1.58 1.23 1.01 1.86 2.01 1.02 1.01 1.04 1.02 1.91 1.91 1.54 1.51 1.49 1.06 1.03 0.85 1.0 0.76 1.09 1.39 0.68 0.0 0.75 0.79 0.15 0.48 0.64 0.64 2.35 1.14 1.06 2.53 2.53 1.36 1.55 1.53 1.57 1.57 1.74 1.45 1.46 2.45 1.81 1.45 1.32 2.25 2.26 1.32 2.81 2.23 2.15 2.16 2.4 2.38 2.79 2.02 3.4 3.22 2.56 2.73 2.74 2.71 2.74 2.62 2.76 2.79
1.83 1.36 1.91 1.93 1.91 1.56 1.35 2.19 2.34 1.35 1.34 1.38 1.35 2.25 2.24 1.87 1.85 1.83 1.39 1.36 1.15 1.1 1.09 1.42 1.72 1.02 0.75 0.0 0.29 0.62 0.29 0.11 0.13 2.68 1.47 1.39 2.87 2.86 1.69 1.89 1.86 1.9 1.91 2.07 1.78 1.8 2.79 2.15 1.79 1.65 2.59 2.59 1.65 3.14 2.56 2.48 2.5 2.74 2.71 3.13 2.35 3.73 3.56 2.9 3.07 3.08 3.05 3.07 2.96 3.1 3.12
1.57 1.1 1.64 1.67 1.65 1.3 1.08 1.93 2.08 1.09 1.08 1.11 1.09 1.98 1.98 1.61 1.59 1.56 1.13 1.1 0.88 0.82 0.83 1.16 1.46 1.04 0.79 0.29 0.0 0.67 0.31 0.18 0.17 2.42 1.21 1.13 2.6 2.6 1.43 1.62 1.6 1.64 1.64 1.81 1.52 1.53 2.52 1.89 1.52 1.39 2.32 2.33 1.39 2.88 2.3 2.22 2.23 2.47 2.45 2.86 2.09 3.47 3.29 2.63 2.8 2.81 2.78 2.81 2.69 2.83 2.86
1.65 1.18 1.72 1.75 1.73 1.38 1.16 2.01 2.16 1.17 1.16 1.19 1.17 2.06 2.06 1.69 1.66 1.64 1.21 1.18 1.0 1.15 0.91 1.24 1.54 0.83 0.15 0.62 0.67 0.0 0.37 0.51 0.52 2.5 1.29 1.21 2.68 2.68 1.51 1.7 1.68 1.72 1.72 1.89 1.6 1.61 2.6 1.96 1.6 1.47 2.4 2.41 1.47 2.96 2.38 2.3 2.31 2.55 2.53 2.94 2.17 3.55 3.37 2.71 2.88 2.89 2.86 2.89 2.77 2.91 2.94
1.57 1.1 1.64 1.67 1.65 1.3 1.09 1.93 2.08 1.09 1.08 1.12 1.09 1.99 1.98 1.61 1.59 1.57 1.13 1.1 0.9 1.06 0.83 1.16 1.46 0.75 0.48 0.29 0.31 0.37 0.0 0.18 0.17 2.42 1.21 1.13 2.61 2.6 1.43 1.63 1.6 1.64 1.64 1.81 1.52 1.54 2.53 1.89 1.53 1.39 2.33 2.33 1.39 2.88 2.3 2.22 2.24 2.48 2.45 2.87 2.09 3.47 3.3 2.64 2.8 2.82 2.79 2.81 2.7 2.84 2.86
1.72 1.25 1.79 1.82 1.8 1.45 1.24 2.08 2.23 1.24 1.23 1.27 1.24 2.14 2.13 1.76 1.74 1.72 1.28 1.25 1.03 0.99 0.98 1.31 1.61 0.91 0.64 0.11 0.18 0.51 0.18 0.0 0.03 2.57 1.36 1.28 2.76 2.75 1.58 1.78 1.75 1.79 1.8 1.96 1.67 1.69 2.68 2.04 1.68 1.54 2.48 2.48 1.54 3.03 2.45 2.37 2.39 2.63 2.6 3.02 2.24 3.62 3.45 2.79 2.95 2.97 2.94 2.96 2.85 2.99 3.01
1.72 1.25 1.79 1.82 1.8 1.45 1.23 2.08 2.23 1.24 1.23 1.26 1.24 2.13 2.13 1.76 1.73 1.71 1.28 1.25 1.03 0.98 0.98 1.31 1.61 0.9 0.64 0.13 0.17 0.52 0.17 0.03 0.0 2.57 1.36 1.28 2.75 2.75 1.58 1.77 1.75 1.79 1.79 1.96 1.67 1.68 2.67 2.03 1.67 1.54 2.47 2.48 1.54 3.03 2.45 2.37 2.38 2.62 2.6 3.01 2.24 3.62 3.44 2.78 2.95 2.96 2.93 2.96 2.84 2.98 3.01
1.96 1.49 2.03 2.06 2.04 1.69 1.7 1.35 1.49 1.7 1.69 1.8 1.82 1.63 1.47 0.81 0.86 1.16 1.74 1.71 1.85 2.0 1.63 1.77 2.07 2.0 2.35 2.68 2.42 2.5 2.42 2.57 2.57 0.0 1.82 1.74 0.88 0.86 2.04 2.23 2.21 2.25 2.25 2.42 2.13 2.14 0.33 0.82 2.13 2.0 1.75 1.79 2.0 0.68 2.91 2.83 2.84 3.08 3.06 0.67 2.7 1.31 1.74 1.19 1.29 1.35 1.3 0.95 1.13 1.27 1.16
0.97 0.5 1.04 1.07 1.05 0.7 0.16 1.33 1.48 0.16 0.15 0.26 0.33 1.38 1.38 1.01 0.99 0.96 0.2 0.11 0.64 0.63 0.42 0.23 0.53 0.79 1.14 1.47 1.21 1.29 1.21 1.36 1.36 1.82 0.0 0.11 2.0 2.0 0.26 0.45 0.43 0.47 0.47 0.74 0.45 0.47 1.92 1.29 0.46 0.22 1.26 1.27 0.22 2.28 1.13 1.05 1.06 1.3 1.28 2.26 0.92 2.81 2.64 1.98 2.15 2.16 2.13 2.21 2.04 2.18 2.2
0.89 0.42 0.96 0.99 0.97 0.62 0.08 1.25 1.4 0.08 0.07 0.18 0.25 1.3 1.3 0.93 0.91 0.88 0.12 0.04 0.56 0.55 0.35 0.15 0.45 0.71 1.06 1.39 1.13 1.21 1.13 1.28 1.28 1.74 0.11 0.0 1.92 1.92 0.33 0.52 0.5 0.54 0.54 0.69 0.4 0.41 1.85 1.21 0.4 0.29 1.2 1.21 0.29 2.2 1.2 1.12 1.13 1.37 1.35 2.19 0.99 2.76 2.58 1.92 2.09 2.1 2.07 2.13 1.98 2.12 2.15
2.14 1.67 2.22 2.24 2.22 1.87 1.88 1.95 2.1 1.88 1.87 1.98 2.01 2.01 1.94 0.99 1.08 1.38 1.92 1.89 2.03 2.19 1.82 1.95 2.25 2.18 2.53 2.87 2.6 2.68 2.61 2.76 2.75 0.88 2.0 1.92 0.0 0.02 2.22 2.42 2.39 2.43 2.44 2.6 2.31 2.33 1.22 0.72 2.32 2.18 2.35 2.4 2.18 0.3 3.1 3.01 3.03 3.27 3.25 1.56 2.88 2.2 2.62 2.07 2.17 2.23 2.18 1.83 2.01 2.16 2.04
2.14 1.67 2.21 2.24 2.22 1.87 1.88 1.95 2.1 1.88 1.87 1.98 2.0 2.01 1.93 0.99 1.08 1.38 1.92 1.89 2.03 2.19 1.82 1.95 2.25 2.18 2.53 2.86 2.6 2.68 2.6 2.75 2.75 0.86 2.0 1.92 0.02 0.0 2.22 2.41 2.39 2.43 2.43 2.6 2.31 2.33 1.2 0.72 2.32 2.18 2.35 2.4 2.18 0.28 3.09 3.01 3.02 3.27 3.24 1.54 2.88 2.18 2.6 2.05 2.15 2.21 2.16 1.81 2.0 2.14 2.02
1.19 0.72 1.26 1.29 1.27 0.92 0.38 1.55 1.52 0.38 0.37 0.48 0.55 1.6 1.6 1.23 1.21 1.18 0.42 0.33 0.86 0.85 0.64 0.45 0.75 1.01 1.36 1.69 1.43 1.51 1.43 1.58 1.58 2.04 0.26 0.33 2.22 2.22 0.0 0.23 0.21 0.25 0.25 0.62 0.41 0.42 2.14 1.51 0.45 0.26 1.25 1.26 0.26 2.5 1.17 1.09 1.1 1.34 1.32 2.48 0.96 2.8 2.63 1.97 2.13 2.15 2.12 2.2 2.03 2.17 2.19
1.38 0.91 1.46 1.48 1.46 1.11 0.58 1.74 1.75 0.58 0.56 0.67 0.75 1.8 1.79 1.42 1.4 1.38 0.61 0.52 1.05 1.04 0.84 0.64 0.94 1.2 1.55 1.89 1.62 1.7 1.63 1.78 1.77 2.23 0.45 0.52 2.42 2.41 0.23 0.0 0.06 0.05 0.05 0.83 0.64 0.65 2.34 1.7 0.68 0.42 1.48 1.49 0.42 2.69 1.19 1.1 1.12 1.36 1.35 2.68 0.98 3.03 2.86 2.2 2.36 2.38 2.35 2.43 2.26 2.4 2.42
1.36 0.89 1.43 1.46 1.44 1.09 0.55 1.72 1.72 0.55 0.54 0.65 0.72 1.77 1.77 1.4 1.38 1.35 0.59 0.5 1.03 1.02 0.81 0.62 0.92 1.18 1.53 1.86 1.6 1.68 1.6 1.75 1.75 2.21 0.43 0.5 2.39 2.39 0.21 0.06 0.0 0.08 0.08 0.8 0.61 0.63 2.31 1.67 0.66 0.39 1.46 1.46 0.38 2.67 1.22 1.13 1.15 1.39 1.37 2.65 1.01 3.01 2.83 2.17 2.34 2.35 2.32 2.4 2.23 2.37 2.4
1.4 0.93 1.47 1.5 1.48 1.13 0.59 1.76 1.76 0.59 0.58 0.69 0.76 1.82 1.81 1.44 1.42 1.4 0.63 0.54 1.07 1.06 0.86 0.66 0.96 1.22 1.57 1.9 1.64 1.72 1.64 1.79 1.79 2.25 0.47 0.54 2.43 2.43 0.25 0.05 0.08 0.0 0.03 0.85 0.65 0.67 2.36 1.72 0.7 0.44 1.5 1.5 0.43 2.71 1.15 1.07 1.09 1.33 1.31 2.7 0.94 3.05 2.88 2.22 2.38 2.4 2.36 2.45 2.27 2.42 2.44
1.4 0.93 1.48 1.5 1.48 1.13 0.59 1.76 1.76 0.59 0.58 0.69 0.77 1.82 1.81 1.44 1.42 1.4 0.63 0.54 1.07 1.06 0.86 0.66 0.96 1.22 1.57 1.91 1.64 1.72 1.64 1.8 1.79 2.25 0.47 0.54 2.44 2.43 0.25 0.05 0.08 0.03 0.0 0.85 0.66 0.67 2.36 1.72 0.7 0.44 1.5 1.5 0.44 2.71 1.14 1.05 1.07 1.31 1.29 2.7 0.93 3.05 2.88 2.22 2.38 2.4 2.37 2.45 2.28 2.42 2.44
1.56 1.1 1.64 1.67 1.65 1.3 0.76 1.53 1.41 0.76 0.75 0.85 0.93 1.86 1.83 1.61 1.58 1.56 0.79 0.71 1.23 1.22 1.02 0.82 1.12 1.39 1.74 2.07 1.81 1.89 1.81 1.96 1.96 2.42 0.74 0.69 2.6 2.6 0.62 0.83 0.8 0.85 0.85 0.0 0.31 0.32 2.52 1.88 0.44 0.85 1.14 1.15 0.84 2.88 1.76 1.67 1.69 1.93 1.91 2.86 1.55 2.7 2.52 1.86 2.03 2.04 2.01 2.09 1.92 2.06 2.09
1.27 0.81 1.35 1.38 1.36 1.01 0.47 1.33 1.21 0.47 0.46 0.56 0.64 1.67 1.64 1.32 1.29 1.27 0.5 0.42 0.94 0.93 0.73 0.53 0.83 1.1 1.45 1.78 1.52 1.6 1.52 1.67 1.67 2.13 0.45 0.4 2.31 2.31 0.41 0.64 0.61 0.65 0.66 0.31 0.0 0.03 2.23 1.59 0.15 0.62 0.95 0.95 0.62 2.59 1.53 1.45 1.46 1.7 1.68 2.57 1.32 2.5 2.33 1.67 1.83 1.85 1.82 1.9 1.73 1.87 1.89
1.29 0.82 1.37 1.4 1.37 1.02 0.49 1.35 1.23 0.49 0.47 0.58 0.66 1.69 1.66 1.33 1.31 1.29 0.52 0.44 0.96 0.95 0.75 0.55 0.85 1.12 1.46 1.8 1.53 1.61 1.54 1.69 1.68 2.14 0.47 0.41 2.33 2.33 0.42 0.65 0.63 0.67 0.67 0.32 0.03 0.0 2.25 1.61 0.17 0.64 0.97 0.97 0.63 2.61 1.55 1.46 1.48 1.72 1.7 2.59 1.34 2.52 2.34 1.68 1.85 1.86 1.83 1.92 1.74 1.88 1.91
2.06 1.59 2.14 2.17 2.14 1.79 1.8 1.27 1.42 1.81 1.79 1.9 1.93 1.56 1.42 1.09 0.94 1.14 1.84 1.81 1.95 2.11 1.74 1.87 2.17 2.11 2.45 2.79 2.52 2.6 2.53 2.68 2.67 0.33 1.92 1.85 1.22 1.2 2.14 2.34 2.31 2.36 2.36 2.52 2.23 2.25 0.0 1.15 2.24 2.11 1.67 1.72 2.1 1.02 3.02 2.93 2.95 3.19 3.17 0.34 2.8 1.24 1.67 1.12 1.21 1.27 1.22 0.88 1.06 1.2 1.08
1.42 0.95 1.5 1.53 1.51 1.15 1.16 1.24 1.39 1.17 1.16 1.26 1.29 1.29 1.22 0.28 0.36 0.66 1.2 1.17 1.31 1.47 1.1 1.23 1.53 1.47 1.81 2.15 1.89 1.96 1.89 2.04 2.03 0.82 1.29 1.21 0.72 0.72 1.51 1.7 1.67 1.72 1.72 1.88 1.59 1.61 1.15 0.0 1.6 1.47 1.64 1.68 1.46 1.0 2.38 2.29 2.31 2.55 2.53 1.49 2.17 2.13 2.56 1.94 2.1 2.12 2.09 1.77 1.95 2.09 1.97
1.28 0.81 1.36 1.39 1.36 1.01 0.48 1.18 1.07 0.48 0.47 0.57 0.65 1.52 1.49 1.32 1.3 1.28 0.51 0.43 0.95 0.94 0.74 0.54 0.84 1.11 1.45 1.79 1.52 1.6 1.53 1.68 1.67 2.13 0.46 0.4 2.32 2.32 0.45 0.68 0.66 0.7 0.7 0.44 0.15 0.17 2.24 1.6 0.0 0.65 0.8 0.81 0.65 2.6 1.56 1.48 1.49 1.73 1.71 2.58 1.35 2.35 2.18 1.52 1.68 1.7 1.67 1.75 1.58 1.72 1.74
1.15 0.68 1.22 1.25 1.23 0.88 0.34 1.51 1.66 0.34 0.33 0.44 0.51 1.57 1.56 1.19 1.17 1.15 0.38 0.29 0.82 0.81 0.61 0.41 0.71 0.97 1.32 1.65 1.39 1.47 1.39 1.54 1.54 2.0 0.22 0.29 2.18 2.18 0.26 0.42 0.39 0.44 0.44 0.85 0.62 0.64 2.11 1.47 0.65 0.0 1.45 1.46 0.01 2.46 0.95 0.86 0.88 1.12 1.1 2.45 0.73 3.0 2.83 2.17 2.34 2.35 2.32 2.39 2.23 2.37 2.4
1.87 1.4 1.94 1.97 1.95 1.6 1.28 0.4 0.28 1.28 1.26 1.37 1.45 0.74 0.71 1.4 1.27 1.25 1.31 1.23 1.75 1.74 1.54 1.34 1.64 1.91 2.25 2.59 2.32 2.4 2.33 2.48 2.47 1.75 1.26 1.2 2.35 2.35 1.25 1.48 1.46 1.5 1.5 1.14 0.95 0.97 1.67 1.64 0.8 1.45 0.0 0.06 1.45 2.43 2.36 2.28 2.29 2.53 2.51 2.01 2.15 1.57 1.39 0.73 0.9 0.92 0.88 0.97 0.79 0.93 0.96
1.91 1.45 1.99 2.02 2.0 1.64 1.28 0.45 0.33 1.28 1.27 1.38 1.45 0.79 0.75 1.44 1.32 1.3 1.32 1.23 1.76 1.75 1.54 1.35 1.65 1.91 2.26 2.59 2.33 2.41 2.33 2.48 2.48 1.79 1.27 1.21 2.4 2.4 1.26 1.49 1.46 1.5 1.5 1.15 0.95 0.97 1.72 1.68 0.81 1.46 0.06 0.0 1.45 2.48 2.37 2.28 2.3 2.54 2.52 2.06 2.16 1.62 1.44 0.78 0.95 0.96 0.93 1.01 0.84 0.98 1.01
1.15 0.68 1.22 1.25 1.23 0.88 0.34 1.51 1.66 0.34 0.33 0.43 0.51 1.56 1.56 1.19 1.16 1.14 0.38 0.29 0.81 0.81 0.6 0.4 0.71 0.97 1.32 1.65 1.39 1.47 1.39 1.54 1.54 2.0 0.22 0.29 2.18 2.18 0.26 0.42 0.38 0.43 0.44 0.84 0.62 0.63 2.1 1.46 0.65 0.01 1.45 1.45 0.0 2.46 0.94 0.86 0.87 1.11 1.09 2.44 0.73 3.0 2.83 2.17 2.33 2.35 2.31 2.39 2.22 2.37 2.39
2.42 1.95 2.49 2.52 2.5 2.15 2.16 2.03 2.18 2.16 2.15 2.26 2.28 2.29 2.15 1.27 1.36 1.66 2.2 2.17 2.31 2.47 2.1 2.23 2.53 2.46 2.81 3.14 2.88 2.96 2.88 3.03 3.03 0.68 2.28 2.2 0.3 0.28 2.5 2.69 2.67 2.71 2.71 2.88 2.59 2.61 1.02 1.0 2.6 2.46 2.43 2.48 2.46 0.0 3.37 3.29 3.3 3.55 3.52 1.36 3.16 2.0 2.42 1.87 1.97 2.03 1.98 1.63 1.81 1.96 1.84
2.06 1.59 2.13 2.16 2.14 1.79 1.25 2.42 2.57 1.25 1.24 1.35 1.42 2.48 2.47 2.1 2.08 2.06 1.29 1.2 1.73 1.72 1.52 1.32 1.62 1.88 2.23 2.56 2.3 2.38 2.3 2.45 2.45 2.91 1.13 1.2 3.1 3.09 1.17 1.19 1.22 1.15 1.14 1.76 1.53 1.55 3.02 2.38 1.56 0.95 2.36 2.37 0.94 3.37 0.0 0.08 0.1 0.31 0.36 3.36 0.21 3.91 3.74 3.08 3.25 3.26 3.23 3.3 3.14 3.28 3.31
1.97 1.51 2.05 2.08 2.06 1.71 1.17 2.34 2.49 1.17 1.16 1.26 1.34 2.39 2.39 2.02 1.99 1.97 1.2 1.12 1.64 1.63 1.43 1.23 1.53 1.8 2.15 2.48 2.22 2.3 2.22 2.37 2.37 2.83 1.05 1.12 3.01 3.01 1.09 1.1 1.13 1.07 1.05 1.67 1.45 1.46 2.93 2.29 1.48 0.86 2.28 2.28 0.86 3.29 0.08 0.0 0.02 0.26 0.29 3.27 0.13 3.83 3.65 2.99 3.16 3.17 3.14 3.22 3.05 3.19 3.22
1.99 1.52 2.07 2.09 2.07 1.72 1.19 2.35 2.5 1.19 1.17 1.28 1.36 2.41 2.4 2.03 2.01 1.99 1.22 1.13 1.66 1.65 1.45 1.25 1.55 1.81 2.16 2.5 2.23 2.31 2.24 2.39 2.38 2.84 1.06 1.13 3.03 3.02 1.1 1.12 1.15 1.09 1.07 1.69 1.46 1.48 2.95 2.31 1.49 0.88 2.29 2.3 0.87 3.3 0.1 0.02 0.0 0.28 0.3 3.29 0.14 3.85 3.67 3.01 3.18 3.19 3.16 3.23 3.07 3.21 3.24
2.23 1.76 2.31 2.34 2.31 1.96 1.43 2.59 2.74 1.43 1.42 1.52 1.6 2.65 2.65 2.27 2.25 2.23 1.46 1.38 1.9 1.89 1.69 1.49 1.79 2.06 2.4 2.74 2.47 2.55 2.48 2.63 2.62 3.08 1.3 1.37 3.27 3.27 1.34 1.36 1.39 1.33 1.31 1.93 1.7 1.72 3.19 2.55 1.73 1.12 2.53 2.54 1.11 3.55 0.31 0.26 0.28 0.0 0.05 3.53 0.39 4.09 3.91 3.25 3.42 3.43 3.4 3.48 3.31 3.45 3.48
2.21 1.74 2.28 2.31 2.29 1.94 1.4 2.57 2.72 1.4 1.39 1.5 1.57 2.63 2.62 2.25 2.23 2.21 1.44 1.35 1.88 1.87 1.67 1.47 1.77 2.03 2.38 2.71 2.45 2.53 2.45 2.6 2.6 3.06 1.28 1.35 3.25 3.24 1.32 1.35 1.37 1.31 1.29 1.91 1.68 1.7 3.17 2.53 1.71 1.1 2.51 2.52 1.09 3.52 0.36 0.29 0.3 0.05 0.0 3.51 0.41 4.06 3.89 3.23 3.4 3.41 3.38 3.45 3.29 3.43 3.46
2.4 1.93 2.48 2.51 2.48 2.13 2.14 1.61 1.76 2.15 2.13 2.24 2.27 1.9 1.76 1.43 1.28 1.48 2.18 2.15 2.29 2.45 2.08 2.21 2.51 2.45 2.79 3.13 2.86 2.94 2.87 3.02 3.01 0.67 2.26 2.19 1.56 1.54 2.48 2.68 2.65 2.7 2.7 2.86 2.57 2.59 0.34 1.49 2.58 2.45 2.01 2.06 2.44 1.36 3.36 3.27 3.29 3.53 3.51 0.0 3.15 1.41 1.58 1.46 1.56 1.61 1.57 1.22 1.4 1.54 1.42
1.85 1.38 1.92 1.95 1.93 1.58 1.04 2.21 2.36 1.04 1.03 1.14 1.21 2.26 2.26 1.89 1.87 1.84 1.08 0.99 1.52 1.51 1.3 1.11 1.41 1.67 2.02 2.35 2.09 2.17 2.09 2.24 2.24 2.7 0.92 0.99 2.88 2.88 0.96 0.98 1.01 0.94 0.93 1.55 1.32 1.34 2.8 2.17 1.35 0.73 2.15 2.16 0.73 3.16 0.21 0.13 0.14 0.39 0.41 3.15 0.0 3.7 3.53 2.87 3.03 3.05 3.02 3.09 2.93 3.07 3.09
3.01 2.54 3.08 3.11 3.09 2.74 2.75 1.54 1.5 2.75 2.74 2.85 2.87 1.88 1.85 2.06 1.91 2.05 2.79 2.76 2.9 3.06 2.69 2.82 3.12 3.05 3.4 3.73 3.47 3.55 3.47 3.62 3.62 1.31 2.81 2.76 2.2 2.18 2.8 3.03 3.01 3.05 3.05 2.7 2.5 2.52 1.24 2.13 2.35 3.0 1.57 1.62 3.0 2.0 3.91 3.83 3.85 4.09 4.06 1.41 3.7 0.0 0.43 0.91 0.99 1.06 1.01 0.95 0.78 0.64 0.91
2.83 2.36 2.91 2.94 2.91 2.56 2.57 1.37 1.33 2.58 2.56 2.67 2.7 1.7 1.67 2.36 2.24 2.11 2.61 2.58 2.72 2.88 2.51 2.64 2.94 2.88 3.22 3.56 3.29 3.37 3.3 3.45 3.44 1.74 2.64 2.58 2.62 2.6 2.63 2.86 2.83 2.88 2.88 2.52 2.33 2.34 1.67 2.56 2.18 2.83 1.39 1.44 2.83 2.42 3.74 3.65 3.67 3.91 3.89 1.58 3.53 0.43 0.0 0.73 0.82 0.88 0.84 0.85 0.62 0.48 0.82
2.17 1.7 2.25 2.28 2.25 1.9 1.91 0.71 0.67 1.92 1.9 2.01 2.04 1.04 1.01 1.7 1.58 1.55 1.95 1.92 2.06 2.22 1.85 1.98 2.28 2.22 2.56 2.9 2.63 2.71 2.64 2.79 2.78 1.19 1.98 1.92 2.07 2.05 1.97 2.2 2.17 2.22 2.22 1.86 1.67 1.68 1.12 1.94 1.52 2.17 0.73 0.78 2.17 1.87 3.08 2.99 3.01 3.25 3.23 1.46 2.87 0.91 0.73 0.0 0.2 0.18 0.15 0.3 0.13 0.27 0.3
2.34 1.87 2.41 2.44 2.42 2.07 2.08 0.87 0.83 2.08 2.07 2.18 2.21 1.21 1.18 1.87 1.75 1.65 2.12 2.09 2.23 2.39 2.02 2.15 2.45 2.38 2.73 3.07 2.8 2.88 2.8 2.95 2.95 1.29 2.15 2.09 2.17 2.15 2.13 2.36 2.34 2.38 2.38 2.03 1.83 1.85 1.21 2.1 1.68 2.34 0.9 0.95 2.33 1.97 3.25 3.16 3.18 3.42 3.4 1.56 3.03 0.99 0.82 0.2 0.0 0.07 0.06 0.4 0.23 0.36 0.39
2.35 1.88 2.43 2.46 2.43 2.08 2.09 0.89 0.85 2.1 2.08 2.19 2.22 1.22 1.19 1.88 1.76 1.71 2.13 2.1 2.24 2.4 2.03 2.16 2.46 2.4 2.74 3.08 2.81 2.89 2.82 2.97 2.96 1.35 2.16 2.1 2.23 2.21 2.15 2.38 2.35 2.4 2.4 2.04 1.85 1.86 1.27 2.12 1.7 2.35 0.92 0.96 2.35 2.03 3.26 3.17 3.19 3.43 3.41 1.61 3.05 1.06 0.88 0.18 0.07 0.0 0.05 0.46 0.28 0.43 0.45
2.32 1.85 2.4 2.43 2.4 2.05 2.06 0.85 0.81 2.06 2.05 2.16 2.19 1.19 1.16 1.85 1.73 1.66 2.1 2.07 2.21 2.37 2.0 2.13 2.43 2.36 2.71 3.05 2.78 2.86 2.79 2.94 2.93 1.3 2.13 2.07 2.18 2.16 2.12 2.35 2.32 2.36 2.37 2.01 1.82 1.83 1.22 2.09 1.67 2.32 0.88 0.93 2.31 1.98 3.23 3.14 3.16 3.4 3.38 1.57 3.02 1.01 0.84 0.15 0.06 0.05 0.0 0.41 0.24 0.38 0.4
2.35 1.88 2.42 2.45 2.43 2.08 2.09 0.94 0.9 2.09 2.08 2.19 2.21 1.28 1.24 1.66 1.51 1.31 2.13 2.1 2.24 2.4 2.03 2.16 2.46 2.39 2.74 3.07 2.81 2.89 2.81 2.96 2.96 0.95 2.21 2.13 1.83 1.81 2.2 2.43 2.4 2.45 2.45 2.09 1.9 1.92 0.88 1.77 1.75 2.39 0.97 1.01 2.39 1.63 3.3 3.22 3.23 3.48 3.45 1.22 3.09 0.95 0.85 0.3 0.4 0.46 0.41 0.0 0.23 0.37 0.29
2.23 1.76 2.31 2.34 2.31 1.96 1.97 0.76 0.72 1.97 1.96 2.07 2.1 1.1 1.07 1.76 1.64 1.49 2.01 1.98 2.12 2.28 1.91 2.04 2.34 2.27 2.62 2.96 2.69 2.77 2.7 2.85 2.84 1.13 2.04 1.98 2.01 2.0 2.03 2.26 2.23 2.27 2.28 1.92 1.73 1.74 1.06 1.95 1.58 2.23 0.79 0.84 2.22 1.81 3.14 3.05 3.07 3.31 3.29 1.4 2.93 0.78 0.62 0.13 0.23 0.28 0.24 0.23 0.0 0.14 0.2
2.37 1.9 2.45 2.48 2.45 2.1 2.11 0.91 0.87 2.12 2.1 2.21 2.24 1.24 1.21 1.9 1.78 1.64 2.15 2.12 2.26 2.42 2.05 2.18 2.48 2.42 2.76 3.1 2.83 2.91 2.84 2.99 2.98 1.27 2.18 2.12 2.16 2.14 2.17 2.4 2.37 2.42 2.42 2.06 1.87 1.88 1.2 2.09 1.72 2.37 0.93 0.98 2.37 1.96 3.28 3.19 3.21 3.45 3.43 1.54 3.07 0.64 0.48 0.27 0.36 0.43 0.38 0.37 0.14 0.0 0.35
2.4 1.93 2.47 2.5 2.48 2.13 2.14 0.93 0.89 2.14 2.13 2.24 2.27 1.27 1.24 1.9 1.75 1.58 2.18 2.15 2.29 2.45 2.08 2.21 2.51 2.44 2.79 3.12 2.86 2.94 2.86 3.01 3.01 1.16 2.2 2.15 2.04 2.02 2.19 2.42 2.4 2.44 2.44 2.09 1.89 1.91 1.08 1.97 1.74 2.4 0.96 1.01 2.39 1.84 3.31 3.22 3.24 3.48 3.46 1.42 3.09 0.91 0.82 0.3 0.39 0.45 0.4 0.29 0.2 0.35 0.0
