0.0 3.69 3.24 3.42 4.23 2.57 1.59 4.85 3.91 4.74 3.16 4.51 2.74 4.09 4.51
2.05 0.0 1.16 1.35 3.84 1.17 1.66 2.57 1.1 5.68 0.66 5.44 2.8 5.02 3.67
2.57 0.58 0.0 0.31 3.54 1.64 2.18 2.28 0.91 6.2 1.17 5.96 3.29 5.54 3.37
2.29 0.29 1.4 0.0 4.07 1.41 1.9 2.81 1.33 5.91 0.89 5.68 3.04 5.26 3.9
4.34 3.93 3.48 3.66 0.0 4.5 3.87 2.79 4.27 2.89 4.5 2.66 3.85 2.24 0.9
2.0 2.71 2.26 2.44 4.88 0.0 1.61 3.85 1.91 5.39 1.98 5.15 2.09 4.73 4.95
1.76 2.46 2.01 2.19 4.88 1.19 0.0 3.62 2.53 5.54 1.93 5.3 2.82 4.88 4.72
5.44 4.21 3.76 3.94 4.35 5.27 5.05 0.0 4.54 7.18 4.77 6.95 6.92 6.53 4.18
2.32 3.03 2.58 2.76 5.2 0.77 1.93 4.18 0.0 5.71 2.3 5.47 2.42 5.05 5.27
4.6 5.33 4.88 5.06 2.01 4.76 4.13 3.58 5.66 0.0 5.7 1.51 4.11 1.09 2.29
1.53 2.23 1.78 1.96 4.64 0.65 1.14 3.39 1.99 5.15 0.0 4.92 2.28 4.5 4.49
4.54 5.44 4.99 5.17 2.12 4.7 4.07 3.77 5.77 1.69 5.63 0.0 4.05 1.03 2.4
2.63 4.26 3.8 3.99 3.53 2.78 2.15 5.41 4.38 4.04 3.72 3.8 0.0 3.38 3.81
4.22 5.85 5.4 5.58 3.0 4.38 3.75 5.08 5.98 1.7 5.32 1.46 3.73 0.0 3.28
4.57 3.34 2.89 3.08 1.12 4.41 4.18 2.45 3.68 3.95 3.91 3.72 4.91 3.3 0.0
