0.0 2.27 2.86 3.41 4.2 2.66 4.25 4.85 5.18 5.43 3.42 4.85 2.77 2.81 3.48 4.43 2.97 3.03 3.38 2.52 3.23 4.1 2.38 1.75 4.83 3.44
1.6 0.0 1.75 1.2 4.83 0.45 4.58 2.64 3.76 6.06 1.32 5.49 0.56 3.17 3.83 5.07 3.6 3.67 1.17 2.87 2.12 4.54 1.19 1.37 2.62 1.34
2.18 1.47 0.0 2.61 4.9 1.86 4.95 4.04 5.16 6.12 2.07 5.55 1.97 2.22 2.88 5.13 3.66 3.34 2.57 1.92 0.47 4.8 1.03 1.95 4.01 2.09
2.3 1.58 1.7 0.0 5.12 1.98 4.75 2.82 3.94 6.61 0.85 6.03 2.08 3.12 3.78 5.61 4.15 4.21 1.35 2.82 2.08 4.72 1.15 2.06 2.8 0.87
4.23 4.44 4.68 4.22 0.0 4.57 0.83 2.89 1.76 2.94 4.34 2.37 4.68 3.81 4.07 1.44 1.87 2.67 4.14 3.63 4.98 0.68 4.55 3.92 2.9 4.36
2.55 1.95 2.44 0.8 4.54 0.0 4.18 2.24 3.36 6.76 0.92 6.19 1.5 3.87 4.54 5.26 4.56 4.62 0.77 3.58 2.81 4.14 1.93 2.32 2.22 0.94
4.89 4.47 5.19 3.56 1.38 3.91 0.0 2.12 0.99 3.6 3.68 3.02 4.02 4.46 4.73 2.1 2.53 3.32 3.48 4.28 5.56 0.72 4.65 4.57 2.13 3.7
5.44 4.84 5.56 3.93 5.38 4.28 5.02 0.0 4.16 7.6 4.05 7.03 4.39 6.99 7.66 6.1 6.28 7.07 3.85 6.7 5.93 4.98 5.02 5.2 3.06 4.07
4.54 3.94 4.66 3.03 3.02 3.39 2.79 1.21 0.0 5.24 3.15 4.66 3.49 5.99 6.25 3.74 4.06 4.85 2.96 5.8 5.04 2.36 4.13 4.31 1.21 3.17
4.82 5.02 5.26 5.15 1.07 5.42 1.65 3.35 2.22 0.0 5.27 1.4 5.52 4.39 4.66 0.47 2.12 3.25 5.07 4.21 5.57 1.68 5.14 4.5 3.36 5.29
2.9 2.22 1.66 1.35 4.89 1.75 4.52 2.59 3.71 7.0 0.0 6.43 1.85 3.1 3.76 5.61 4.54 4.22 1.12 2.8 2.04 4.49 1.78 2.67 2.57 0.17
5.39 5.6 5.83 5.72 1.64 5.99 2.22 3.93 2.79 0.63 5.84 0.0 6.1 4.97 5.23 1.05 2.69 3.83 5.65 4.79 6.14 2.26 5.71 5.07 3.94 5.86
1.86 1.15 1.27 1.62 4.94 1.54 4.79 2.86 3.98 6.17 0.89 5.6 0.0 2.69 3.35 5.18 3.71 3.78 1.39 2.39 1.64 4.76 0.71 1.63 2.83 0.91
2.37 2.58 2.81 3.72 3.23 2.97 3.29 5.16 4.22 4.46 3.72 3.88 3.08 0.0 1.75 3.47 2.0 1.18 3.69 1.77 3.12 3.14 2.69 2.05 5.0 3.74
2.68 2.48 1.8 3.63 3.91 2.88 3.96 5.05 4.89 5.14 3.08 4.56 2.98 1.24 0.0 4.14 2.68 2.36 3.59 0.75 2.11 3.82 2.05 2.37 5.03 3.1
5.27 5.48 5.72 5.33 1.52 5.68 2.1 3.81 2.67 2.06 5.45 1.48 5.79 4.85 5.11 0.0 2.57 3.71 5.26 4.67 6.02 2.14 5.59 4.96 3.82 5.47
3.52 3.73 3.97 4.88 2.01 4.13 2.14 4.21 3.07 2.54 4.88 1.97 4.23 3.1 3.36 1.88 0.0 1.96 4.85 2.92 4.28 2.0 3.84 3.21 3.86 4.9
2.43 2.64 2.88 3.78 2.36 3.03 2.42 4.49 3.35 3.59 3.79 3.02 3.14 2.01 2.27 2.6 1.13 0.0 3.75 1.83 3.19 2.27 2.75 2.12 4.14 3.81
2.51 1.91 2.64 1.01 4.0 1.36 3.63 1.69 2.82 6.22 1.13 5.64 1.46 4.07 4.73 4.72 4.52 4.58 0.0 3.77 3.01 3.59 2.1 2.28 1.67 1.15
2.86 2.31 1.62 3.45 4.08 2.7 4.14 4.88 5.07 5.31 2.91 4.74 2.81 1.41 2.05 4.32 2.85 2.53 3.41 0.0 1.4 3.99 1.87 2.54 4.85 2.93
2.29 1.57 0.61 2.72 5.0 1.97 5.06 4.14 5.26 6.23 2.17 5.65 2.07 2.33 2.99 5.24 3.77 3.45 2.68 2.03 0.0 4.91 1.14 2.05 4.12 2.19
4.22 4.43 4.67 4.21 0.71 4.56 0.82 2.88 1.74 2.93 4.33 2.36 4.67 3.8 4.06 1.43 1.86 2.66 4.13 3.62 4.97 0.0 4.54 3.91 2.89 4.35
2.02 1.71 1.75 2.86 4.28 2.11 4.33 4.28 5.26 5.51 2.31 4.93 2.21 2.34 3.0 4.51 3.05 3.12 2.82 2.04 2.13 4.19 0.0 1.71 4.26 2.33
1.29 0.57 1.32 1.72 4.52 0.97 4.58 3.15 4.28 5.75 1.84 5.17 1.07 2.74 3.4 4.76 3.29 3.36 1.69 2.44 1.7 4.43 0.77 0.0 3.13 1.86
4.26 3.66 4.38 2.75 2.66 3.1 2.29 1.16 1.49 4.88 2.87 4.3 3.21 5.49 5.75 3.38 3.55 4.35 2.68 5.31 4.75 2.26 3.84 4.02 0.0 2.89
2.88 2.2 1.64 1.33 4.87 1.72 4.5 2.57 3.69 6.98 1.45 6.4 1.83 3.08 3.74 5.59 4.52 4.2 1.1 2.78 2.01 4.46 1.76 2.64 2.54 0.0
