0.0 2.97 4.12 3.43 4.23 2.55 1.13 4.85 2.08 4.09 3.09
2.0 0.0 1.73 1.77 4.26 3.31 1.89 2.99 1.09 4.97 0.53
2.42 1.85 0.0 2.86 5.29 3.07 2.3 4.27 1.51 5.15 2.33
2.29 0.35 1.54 0.0 4.07 3.6 2.17 2.81 1.38 5.26 0.82
4.34 3.98 4.47 3.66 0.0 3.56 3.41 2.79 4.36 2.24 4.43
1.9 2.8 3.86 3.26 2.8 0.0 0.96 4.68 1.91 2.65 2.92
1.0 2.06 3.17 2.36 4.27 2.59 0.0 3.78 1.01 4.12 2.02
5.44 4.26 4.75 3.94 4.35 7.02 5.6 0.0 4.64 6.53 4.7
1.82 1.14 2.24 1.43 4.12 3.41 1.98 2.86 0.0 4.94 1.09
4.22 5.13 6.19 5.58 3.0 3.44 3.29 5.08 4.24 0.0 5.25
1.51 1.03 2.18 1.95 4.63 2.82 1.4 3.37 0.6 4.48 0.0
