0.0 2.93 3.63 3.42 3.43 6.34 1.59 4.85 3.91 2.63 3.12 4.65 5.94 4.51 4.75 4.43 5.87
2.04 0.0 2.01 1.81 4.35 4.83 1.65 3.03 1.56 3.56 0.61 5.57 5.43 5.43 2.89 5.36 4.06
2.11 0.13 0.0 1.4 4.42 4.43 1.72 2.63 1.16 3.63 0.68 5.64 5.03 5.5 2.49 5.43 3.65
2.29 0.3 0.23 0.0 4.6 4.6 1.9 2.81 1.33 3.8 0.86 5.82 5.21 5.68 2.66 5.6 3.83
3.95 4.81 4.91 4.7 0.0 3.76 3.47 3.74 5.31 2.74 5.01 1.8 3.36 1.67 5.99 1.41 4.76
4.86 3.65 3.58 3.37 4.71 0.0 4.47 1.53 3.97 5.99 4.17 5.39 2.5 5.25 4.65 3.82 1.63
1.76 1.55 2.4 2.19 4.22 5.41 0.0 3.62 2.53 3.43 1.89 5.44 6.02 5.3 3.52 5.22 4.64
5.44 4.22 4.15 3.94 6.15 4.84 5.05 0.0 4.54 7.11 4.74 7.08 5.44 6.95 5.22 6.1 4.06
2.32 1.72 2.97 2.76 4.39 5.97 1.93 4.18 0.0 3.21 2.27 5.61 6.58 5.47 4.03 5.4 5.2
3.17 3.9 4.74 4.53 3.26 6.18 2.7 5.95 4.42 0.0 4.23 4.48 5.77 4.34 5.86 4.27 6.98
1.49 0.96 2.14 1.93 3.8 5.15 1.1 3.35 1.95 3.01 0.0 5.02 5.75 4.88 3.26 4.8 4.38
4.66 5.39 5.32 5.12 1.39 3.8 4.19 3.64 5.72 3.45 5.72 0.0 2.92 1.57 6.4 0.76 4.67
5.83 5.76 5.69 5.48 3.34 2.22 5.36 3.64 6.09 4.62 6.28 4.02 0.0 3.88 6.77 2.45 3.75
4.54 5.4 5.38 5.17 1.27 3.86 4.07 3.77 5.77 3.33 5.6 1.59 3.07 0.0 6.45 0.92 4.79
3.79 2.53 2.46 2.25 5.94 5.27 3.4 3.48 1.59 4.76 3.08 7.16 5.88 7.02 0.0 6.5 4.5
5.27 5.62 5.55 5.34 2.0 3.56 4.8 3.81 5.95 4.06 6.14 2.21 2.2 2.18 6.63 0.0 4.83
3.85 2.63 2.56 2.36 4.52 1.98 3.46 0.51 2.96 5.52 3.16 4.91 2.58 4.88 3.64 3.26 0.0
