0.0 3.68 2.7 3.41 4.2 3.58 3.59 4.85 3.21 1.75 4.1 2.43 2.66 2.63 5.12 4.43 3.42 1.5 3.3 2.09 3.83
2.07 0.0 1.78 1.35 4.89 3.65 1.27 2.59 1.14 1.83 4.48 3.25 1.27 3.58 2.86 5.38 3.49 2.18 4.25 2.17 4.38
2.52 1.04 0.0 0.78 4.51 4.61 0.95 2.21 0.57 2.29 4.11 3.99 2.21 4.19 2.48 5.23 4.45 3.06 4.86 2.63 4.01
2.3 0.29 2.01 0.0 5.12 3.88 1.51 2.82 1.37 2.06 4.72 3.48 1.51 3.82 3.09 5.61 3.72 2.42 4.48 2.4 4.61
4.23 4.48 4.6 4.22 0.0 4.17 4.35 2.89 4.01 3.92 0.68 3.32 4.48 3.02 2.63 1.44 4.01 3.67 1.62 4.25 0.72
2.6 3.8 2.82 3.54 3.82 0.0 3.65 4.96 3.33 2.28 3.73 1.51 1.51 1.87 5.23 4.05 1.4 2.03 2.93 2.62 3.46
3.3 2.02 2.18 1.75 5.24 5.58 0.0 2.94 1.54 3.07 4.84 4.77 3.19 4.97 3.21 5.96 5.42 3.84 5.64 3.41 4.74
5.44 4.19 4.31 3.93 5.38 7.75 4.06 0.0 3.72 5.2 4.98 6.9 5.36 7.11 3.31 6.1 7.6 5.97 6.02 5.54 4.88
2.63 0.62 1.53 0.36 4.64 4.19 1.03 2.34 0.0 2.4 4.24 3.79 1.79 4.15 2.61 5.36 4.03 2.75 4.82 2.73 4.13
1.29 1.98 1.0 1.72 4.52 3.5 1.89 3.15 1.51 0.0 4.43 2.75 1.13 2.96 3.42 4.76 3.34 1.82 3.63 1.39 4.16
4.22 4.47 4.59 4.21 0.71 4.16 4.34 2.88 4.0 3.91 0.0 3.31 4.47 3.01 2.61 1.43 4.0 3.66 1.61 4.24 0.71
2.07 3.68 2.7 3.42 2.93 2.36 3.59 4.85 3.21 1.75 2.84 0.0 2.32 1.28 4.78 3.17 2.2 1.5 2.04 2.09 2.57
3.84 2.56 2.72 2.29 5.83 4.7 2.22 3.53 2.08 3.61 5.43 4.3 0.0 4.66 3.8 6.55 4.54 3.99 5.72 3.95 5.32
3.17 4.78 3.8 4.52 4.03 1.49 4.69 5.95 4.31 2.85 3.94 1.22 2.91 0.0 5.88 4.27 1.33 2.6 3.14 3.19 3.67
4.0 2.76 2.88 2.49 2.85 6.15 2.62 0.9 2.28 3.76 2.19 5.3 3.92 5.0 0.0 3.57 5.99 4.53 3.59 4.1 2.45
5.27 5.59 5.72 5.33 1.52 5.21 5.46 3.81 5.12 4.96 2.14 4.36 5.52 4.06 3.54 0.0 5.05 4.71 1.87 5.29 2.08
2.71 3.92 2.94 3.65 3.94 0.21 3.77 5.08 3.45 2.4 3.85 1.63 1.63 1.99 5.35 4.17 0.0 2.15 3.04 2.74 3.57
1.72 2.77 1.78 2.5 3.97 2.74 2.62 3.93 2.29 1.4 3.88 2.15 1.2 2.41 4.2 4.21 2.59 0.0 3.08 1.74 3.61
4.24 5.25 4.87 4.98 1.83 4.18 5.11 4.03 4.77 3.92 1.82 3.33 4.49 3.03 3.76 1.7 4.02 3.67 0.0 4.26 1.55
1.26 1.95 0.97 1.68 4.49 3.16 1.86 3.12 1.47 1.02 4.4 2.72 0.78 2.93 3.39 4.72 3.0 1.69 3.59 0.0 4.12
3.85 4.66 4.48 4.4 1.04 3.79 4.53 3.16 4.19 3.53 0.95 2.94 4.1 2.64 2.89 1.73 3.63 3.28 1.23 3.87 0.0
