0.0 0.64 0.18 0.1 0.11 0.11 0.72 0.46 0.88 0.81 0.78 0.79 1.44 0.84 0.83 1.28 1.0 1.04 1.02 1.01 1.52 1.55 1.15 1.24 0.86 1.49 1.56 0.99 1.1 1.26 1.28 0.74 0.93 0.9 0.95 0.6 1.46 1.43 1.51 1.78 2.04 2.06 1.0 1.98 1.98 1.93 0.89 2.18 2.14 1.22 1.2 1.08 1.28 1.35 1.41 1.46 1.47 1.44 1.43 2.09 1.82 1.75 1.74 1.27 1.33 1.23 1.16 1.15 1.69 2.57 2.56 2.45 1.46 2.76 1.94 1.92 2.64 1.69 2.01 1.99 3.01 2.98 2.94 2.74 2.74 2.27 2.26 2.37 2.37 1.57 2.41
0.64 0.0 0.45 0.71 0.74 0.72 0.43 0.85 0.41 0.34 0.31 0.32 0.97 0.37 0.36 0.81 0.53 0.58 0.55 0.54 1.05 1.08 0.68 0.77 0.39 1.03 1.09 0.52 0.64 0.79 0.81 0.28 0.46 0.43 0.48 0.87 0.99 0.97 1.04 1.31 1.57 1.59 0.53 1.51 1.51 1.46 0.42 1.72 1.67 0.75 0.73 0.61 0.81 0.88 0.94 0.99 1.0 0.97 0.96 1.62 1.36 1.28 1.27 0.8 0.86 0.76 0.69 0.68 1.23 2.1 2.1 1.99 0.99 2.29 1.47 1.45 2.17 1.22 1.54 1.52 2.54 2.51 2.47 2.27 2.28 1.8 1.79 1.9 1.9 1.1 1.94
0.18 0.45 0.0 0.26 0.29 0.26 0.72 0.61 0.69 0.62 0.6 0.61 1.26 0.66 0.65 1.1 0.82 0.86 0.84 0.83 1.34 1.37 0.96 1.06 0.68 1.31 1.38 0.81 0.92 1.08 1.1 0.56 0.75 0.72 0.76 0.75 1.28 1.25 1.33 1.6 1.85 1.88 0.82 1.79 1.79 1.74 0.71 2.0 1.96 1.03 1.02 0.9 1.1 1.16 1.23 1.28 1.29 1.25 1.25 1.9 1.64 1.57 1.56 1.09 1.15 1.05 0.98 0.97 1.51 2.39 2.38 2.27 1.27 2.58 1.76 1.74 2.46 1.5 1.83 1.81 2.83 2.8 2.76 2.56 2.56 2.09 2.08 2.18 2.19 1.39 2.22
0.1 0.71 0.26 0.0 0.03 0.01 0.82 0.56 0.95 0.88 0.86 0.87 1.52 0.92 0.91 1.36 1.07 1.12 1.09 1.09 1.59 1.63 1.22 1.31 0.94 1.57 1.63 1.07 1.18 1.34 1.36 0.82 1.01 0.98 1.02 0.7 1.53 1.51 1.59 1.86 2.11 2.14 1.08 2.05 2.05 2.0 0.96 2.26 2.22 1.29 1.28 1.16 1.36 1.42 1.48 1.53 1.54 1.51 1.5 2.16 1.9 1.82 1.82 1.35 1.41 1.31 1.24 1.22 1.77 2.65 2.64 2.53 1.53 2.83 2.02 2.0 2.71 1.76 2.09 2.07 3.08 3.05 3.02 2.81 2.82 2.35 2.34 2.44 2.45 1.65 2.48
0.11 0.74 0.29 0.03 0.0 0.02 0.81 0.55 0.98 0.91 0.89 0.9 1.55 0.95 0.93 1.39 1.1 1.15 1.12 1.11 1.62 1.65 1.25 1.34 0.96 1.6 1.66 1.09 1.21 1.36 1.39 0.85 1.04 1.0 1.05 0.69 1.56 1.54 1.62 1.89 2.14 2.16 1.11 2.08 2.08 2.03 0.99 2.29 2.24 1.32 1.31 1.19 1.38 1.45 1.51 1.56 1.57 1.54 1.53 2.19 1.93 1.85 1.84 1.38 1.44 1.33 1.26 1.25 1.8 2.67 2.67 2.56 1.56 2.86 2.04 2.03 2.74 1.79 2.12 2.09 3.11 3.08 3.04 2.84 2.85 2.37 2.36 2.47 2.48 1.68 2.51
0.11 0.72 0.26 0.01 0.02 0.0 0.83 0.57 0.96 0.89 0.87 0.88 1.53 0.92 0.91 1.37 1.08 1.13 1.1 1.09 1.6 1.63 1.23 1.32 0.94 1.58 1.64 1.07 1.19 1.34 1.36 0.83 1.01 0.98 1.03 0.71 1.54 1.52 1.59 1.86 2.12 2.14 1.08 2.06 2.06 2.01 0.97 2.27 2.22 1.3 1.28 1.16 1.36 1.43 1.49 1.54 1.55 1.52 1.51 2.17 1.91 1.83 1.82 1.35 1.41 1.31 1.24 1.23 1.78 2.65 2.65 2.54 1.54 2.84 2.02 2.0 2.72 1.77 2.09 2.07 3.09 3.06 3.02 2.82 2.83 2.35 2.34 2.45 2.45 1.66 2.49
0.72 0.43 0.72 0.82 0.81 0.83 0.0 0.51 0.45 0.38 0.12 0.11 1.24 0.42 0.41 1.08 0.53 0.84 0.82 0.81 1.32 1.35 0.94 1.04 0.44 1.29 1.36 0.57 0.68 0.84 0.86 0.18 0.37 0.34 0.52 0.64 0.89 0.87 0.95 1.22 1.47 1.5 0.8 1.77 1.77 1.72 0.47 1.98 1.94 0.65 0.78 0.66 0.86 0.92 0.99 1.04 1.05 1.01 1.01 1.88 1.62 1.55 1.54 0.85 0.91 0.81 0.74 0.73 1.27 2.37 2.36 2.25 1.25 2.34 1.74 1.72 2.44 1.26 1.81 1.79 2.81 2.78 2.74 2.54 2.54 2.07 2.06 2.16 2.17 1.37 2.2
0.46 0.85 0.61 0.56 0.55 0.57 0.51 0.0 0.96 0.89 0.62 0.61 1.66 0.92 0.91 1.5 1.04 1.26 1.23 1.22 1.73 1.76 1.36 1.45 0.94 1.71 1.77 1.07 1.19 1.34 1.36 0.68 0.7 0.71 1.03 0.14 1.12 1.09 1.17 1.44 1.69 1.72 1.21 2.19 2.19 2.14 0.97 2.4 2.35 1.16 1.28 1.16 1.36 1.43 1.49 1.54 1.55 1.52 1.51 2.3 2.04 1.96 1.95 1.35 1.41 1.31 1.24 1.23 1.78 2.78 2.78 2.67 1.67 2.84 2.15 2.13 2.85 1.77 2.22 2.2 3.22 3.19 3.15 2.95 2.96 2.48 2.47 2.58 2.58 1.79 2.62
0.88 0.41 0.69 0.95 0.98 0.96 0.45 0.96 0.0 0.07 0.34 0.35 1.22 0.07 0.06 1.06 0.23 0.82 0.79 0.78 1.29 1.32 0.92 1.01 0.09 1.27 1.33 0.22 0.33 0.49 0.51 0.3 0.48 0.45 0.17 0.89 1.01 0.99 1.06 1.33 1.59 1.61 0.77 1.75 1.75 1.7 0.12 1.96 1.91 0.77 0.43 0.31 0.51 0.58 0.64 0.69 0.7 0.66 0.66 1.86 1.6 1.52 1.51 0.5 0.56 0.46 0.39 0.38 0.92 2.34 2.34 2.23 1.23 1.99 1.71 1.7 2.41 0.91 1.79 1.76 2.78 2.75 2.71 2.51 2.52 2.04 2.03 2.14 2.14 1.35 2.18
0.81 0.34 0.62 0.88 0.91 0.89 0.38 0.89 0.07 0.0 0.26 0.27 1.14 0.04 0.02 0.98 0.19 0.75 0.72 0.71 1.22 1.25 0.85 0.94 0.05 1.2 1.26 0.18 0.3 0.45 0.48 0.23 0.41 0.38 0.14 0.82 0.94 0.92 0.99 1.26 1.52 1.54 0.7 1.68 1.68 1.63 0.08 1.89 1.84 0.7 0.4 0.28 0.47 0.54 0.6 0.65 0.66 0.63 0.62 1.79 1.53 1.45 1.44 0.47 0.53 0.42 0.35 0.34 0.89 2.27 2.27 2.16 1.16 1.95 1.64 1.62 2.34 0.88 1.71 1.69 2.71 2.68 2.64 2.44 2.45 1.97 1.96 2.07 2.07 1.27 2.11
0.78 0.31 0.6 0.86 0.89 0.87 0.12 0.62 0.34 0.26 0.0 0.01 1.12 0.3 0.29 0.96 0.42 0.72 0.7 0.69 1.2 1.23 0.82 0.92 0.32 1.17 1.24 0.45 0.56 0.72 0.74 0.06 0.25 0.22 0.4 0.55 0.78 0.75 0.83 1.1 1.35 1.38 0.68 1.65 1.65 1.6 0.35 1.86 1.82 0.53 0.66 0.54 0.74 0.81 0.87 0.92 0.93 0.89 0.89 1.76 1.5 1.43 1.42 0.73 0.79 0.69 0.62 0.61 1.15 2.25 2.24 2.13 1.14 2.22 1.62 1.6 2.32 1.14 1.69 1.67 2.69 2.66 2.62 2.42 2.42 1.95 1.94 2.05 2.05 1.25 2.08
0.79 0.32 0.61 0.87 0.9 0.88 0.11 0.61 0.35 0.27 0.01 0.0 1.13 0.31 0.3 0.97 0.43 0.73 0.71 0.7 1.21 1.24 0.83 0.93 0.33 1.18 1.25 0.46 0.57 0.73 0.75 0.07 0.26 0.23 0.41 0.54 0.79 0.76 0.84 1.11 1.36 1.39 0.69 1.66 1.66 1.61 0.36 1.87 1.83 0.54 0.67 0.55 0.75 0.82 0.88 0.93 0.94 0.9 0.9 1.77 1.51 1.44 1.43 0.74 0.8 0.7 0.63 0.62 1.16 2.26 2.25 2.14 1.15 2.23 1.63 1.61 2.33 1.15 1.7 1.68 2.7 2.67 2.63 2.43 2.43 1.96 1.95 2.06 2.06 1.26 2.09
1.44 0.97 1.26 1.52 1.55 1.53 1.24 1.66 1.22 1.14 1.12 1.13 0.0 1.18 1.17 1.13 1.34 0.77 0.75 0.83 0.28 0.13 0.97 1.01 1.2 0.05 0.11 1.33 1.44 1.6 1.62 1.08 1.27 1.24 1.28 1.67 1.8 1.77 1.85 2.12 2.37 2.4 0.63 1.31 1.31 1.26 1.23 1.98 1.93 1.55 1.54 1.42 1.54 1.69 1.75 1.09 1.06 1.07 1.51 1.27 1.62 1.54 1.53 1.22 1.31 1.57 1.5 1.49 2.03 1.96 1.95 2.04 1.16 3.1 0.99 1.02 1.83 2.02 0.57 0.55 1.56 1.99 1.98 1.59 1.61 0.83 0.82 0.92 0.93 0.13 0.96
0.84 0.37 0.66 0.92 0.95 0.92 0.42 0.92 0.07 0.04 0.3 0.31 1.18 0.0 0.01 1.02 0.19 0.78 0.76 0.75 1.26 1.29 0.88 0.98 0.05 1.23 1.3 0.18 0.29 0.45 0.47 0.26 0.45 0.42 0.13 0.85 0.98 0.95 1.03 1.3 1.55 1.58 0.74 1.71 1.71 1.66 0.08 1.92 1.88 0.73 0.39 0.27 0.47 0.54 0.6 0.65 0.66 0.62 0.62 1.82 1.56 1.49 1.48 0.46 0.52 0.42 0.35 0.34 0.88 2.31 2.3 2.19 1.19 1.95 1.68 1.66 2.38 0.87 1.75 1.73 2.75 2.72 2.68 2.48 2.48 2.01 2.0 2.1 2.11 1.31 2.14
0.83 0.36 0.65 0.91 0.93 0.91 0.41 0.91 0.06 0.02 0.29 0.3 1.17 0.01 0.0 1.01 0.18 0.77 0.75 0.74 1.24 1.28 0.87 0.97 0.04 1.22 1.28 0.17 0.28 0.44 0.46 0.25 0.44 0.41 0.12 0.84 0.97 0.94 1.02 1.29 1.54 1.57 0.73 1.7 1.7 1.65 0.07 1.91 1.87 0.72 0.38 0.26 0.46 0.52 0.59 0.64 0.65 0.61 0.61 1.81 1.55 1.47 1.47 0.45 0.51 0.41 0.34 0.33 0.87 2.3 2.29 2.18 1.18 1.94 1.67 1.65 2.37 0.86 1.74 1.72 2.73 2.7 2.67 2.46 2.47 2.0 1.99 2.09 2.1 1.3 2.13
1.28 0.81 1.1 1.36 1.39 1.37 1.08 1.5 1.06 0.98 0.96 0.97 1.13 1.02 1.01 0.0 1.18 0.4 0.39 0.3 1.14 1.24 0.38 0.48 1.04 1.18 1.25 1.17 1.28 1.44 1.46 0.92 1.11 1.08 1.12 1.51 1.64 1.61 1.69 1.96 2.21 2.24 0.61 1.27 1.38 1.33 1.07 1.07 1.05 1.39 1.38 1.26 1.46 1.53 1.59 1.64 1.65 1.61 1.61 1.49 1.06 0.98 0.98 1.45 1.51 1.41 1.34 1.33 1.87 1.71 1.7 1.37 0.86 2.94 1.46 1.47 2.05 1.86 1.7 1.68 2.46 2.39 2.35 2.15 2.15 1.96 1.95 2.06 2.06 1.26 2.1
1.0 0.53 0.82 1.07 1.1 1.08 0.53 1.04 0.23 0.19 0.42 0.43 1.34 0.19 0.18 1.18 0.0 0.94 0.91 0.91 1.41 1.45 1.04 1.13 0.14 1.39 1.45 0.23 0.34 0.5 0.52 0.35 0.54 0.51 0.21 0.97 1.07 1.04 1.12 1.39 1.64 1.67 0.9 1.87 1.87 1.82 0.23 2.08 2.04 0.83 0.55 0.43 0.62 0.69 0.75 0.8 0.81 0.78 0.77 1.98 1.72 1.64 1.64 0.62 0.68 0.55 0.5 0.49 0.9 2.47 2.46 2.35 1.35 2.1 1.84 1.82 2.53 0.89 1.91 1.88 2.9 2.87 2.84 2.63 2.64 2.17 2.15 2.26 2.27 1.47 2.3
1.04 0.58 0.86 1.12 1.15 1.13 0.84 1.26 0.82 0.75 0.72 0.73 0.77 0.78 0.77 0.4 0.94 0.0 0.03 0.1 0.78 0.88 0.2 0.27 0.8 0.82 0.89 0.93 1.04 1.2 1.22 0.68 0.87 0.84 0.89 1.27 1.4 1.37 1.45 1.72 1.98 2.0 0.25 1.01 1.01 0.96 0.83 1.23 1.19 1.16 1.14 1.02 1.22 1.29 1.35 1.4 1.41 1.38 1.37 1.12 0.87 0.79 0.79 1.21 1.27 1.17 1.1 1.09 1.63 1.62 1.61 1.5 0.49 2.7 1.09 1.11 1.67 1.62 1.34 1.32 2.09 2.01 1.97 1.77 1.78 1.6 1.59 1.7 1.7 0.9 1.73
1.02 0.55 0.84 1.09 1.12 1.1 0.82 1.23 0.79 0.72 0.7 0.71 0.75 0.76 0.75 0.39 0.91 0.03 0.0 0.09 0.75 0.85 0.24 0.3 0.78 0.8 0.86 0.91 1.02 1.18 1.2 0.66 0.85 0.82 0.86 1.25 1.37 1.35 1.43 1.7 1.95 1.98 0.23 1.04 1.04 0.99 0.8 1.27 1.22 1.13 1.12 1.0 1.2 1.26 1.32 1.37 1.38 1.35 1.34 1.15 0.91 0.83 0.82 1.19 1.25 1.15 1.08 1.06 1.61 1.65 1.65 1.53 0.52 2.67 1.1 1.09 1.71 1.6 1.32 1.29 2.12 2.05 2.01 1.81 1.81 1.57 1.56 1.67 1.68 0.88 1.71
1.01 0.54 0.83 1.09 1.11 1.09 0.81 1.22 0.78 0.71 0.69 0.7 0.83 0.75 0.74 0.3 0.91 0.1 0.09 0.0 0.84 0.94 0.16 0.25 0.77 0.88 0.95 0.9 1.01 1.17 1.19 0.65 0.84 0.81 0.85 1.24 1.36 1.34 1.42 1.69 1.94 1.97 0.31 1.05 1.11 1.06 0.79 1.2 1.15 1.12 1.11 0.99 1.19 1.25 1.31 1.36 1.37 1.34 1.34 1.22 0.84 0.76 0.75 1.18 1.24 1.14 1.07 1.05 1.6 1.58 1.58 1.46 0.59 2.66 1.19 1.17 1.77 1.59 1.4 1.38 2.19 2.11 2.07 1.87 1.88 1.66 1.65 1.75 1.76 0.96 1.79
1.52 1.05 1.34 1.59 1.62 1.6 1.32 1.73 1.29 1.22 1.2 1.21 0.28 1.26 1.24 1.14 1.41 0.78 0.75 0.84 0.0 0.39 0.98 1.02 1.27 0.33 0.4 1.4 1.52 1.67 1.69 1.16 1.35 1.31 1.36 1.75 1.87 1.85 1.93 2.2 2.45 2.47 0.53 1.46 1.46 1.41 1.3 1.98 1.94 1.63 1.62 1.5 1.69 1.76 1.82 1.37 1.34 1.35 1.79 1.44 1.62 1.54 1.54 1.5 1.6 1.64 1.57 1.56 2.11 2.11 2.1 2.19 1.19 3.17 1.17 1.15 2.0 2.1 0.85 0.83 1.85 2.28 2.27 1.88 1.9 1.11 1.1 1.21 1.21 0.41 1.25
1.55 1.08 1.37 1.63 1.65 1.63 1.35 1.76 1.32 1.25 1.23 1.24 0.13 1.29 1.28 1.24 1.45 0.88 0.85 0.94 0.39 0.0 1.08 1.12 1.31 0.18 0.24 1.44 1.55 1.71 1.73 1.19 1.38 1.35 1.39 1.78 1.9 1.88 1.96 2.23 2.48 2.51 0.74 1.43 1.43 1.38 1.33 2.08 2.04 1.66 1.65 1.53 1.67 1.79 1.85 1.21 1.19 1.19 1.64 1.39 1.72 1.65 1.64 1.34 1.44 1.68 1.61 1.59 2.14 2.08 2.07 2.16 1.27 3.2 1.11 1.14 1.94 2.13 0.7 0.67 1.69 2.12 2.11 1.72 1.74 0.95 0.94 1.05 1.06 0.26 1.09
1.15 0.68 0.96 1.22 1.25 1.23 0.94 1.36 0.92 0.85 0.82 0.83 0.97 0.88 0.87 0.38 1.04 0.2 0.24 0.16 0.98 1.08 0.0 0.1 0.9 1.03 1.09 1.03 1.15 1.3 1.32 0.79 0.97 0.94 0.99 1.38 1.5 1.48 1.55 1.82 2.08 2.1 0.45 0.89 1.0 0.95 0.93 1.04 0.99 1.26 1.24 1.12 1.32 1.39 1.45 1.5 1.51 1.48 1.47 1.11 0.68 0.6 0.59 1.31 1.37 1.27 1.2 1.19 1.74 1.42 1.42 1.31 0.48 2.8 1.08 1.11 1.67 1.73 1.54 1.52 2.08 2.0 1.97 1.76 1.77 1.77 1.76 1.9 1.9 1.1 1.89
1.24 0.77 1.06 1.31 1.34 1.32 1.04 1.45 1.01 0.94 0.92 0.93 1.01 0.98 0.97 0.48 1.13 0.27 0.3 0.25 1.02 1.12 0.1 0.0 1.0 1.06 1.13 1.13 1.24 1.4 1.42 0.88 1.07 1.04 1.08 1.47 1.59 1.57 1.65 1.92 2.17 2.2 0.49 0.82 0.91 0.86 1.02 0.96 0.92 1.35 1.34 1.22 1.42 1.48 1.54 1.59 1.6 1.57 1.56 1.02 0.6 0.53 0.52 1.41 1.47 1.37 1.3 1.28 1.83 1.35 1.34 1.23 0.39 2.89 0.99 1.02 1.58 1.82 1.58 1.56 1.99 1.92 1.88 1.68 1.68 1.68 1.67 1.94 1.89 1.14 1.8
0.86 0.39 0.68 0.94 0.96 0.94 0.44 0.94 0.09 0.05 0.32 0.33 1.2 0.05 0.04 1.04 0.14 0.8 0.78 0.77 1.27 1.31 0.9 1.0 0.0 1.25 1.31 0.16 0.28 0.43 0.45 0.28 0.47 0.44 0.15 0.87 0.99 0.97 1.05 1.32 1.57 1.6 0.76 1.73 1.73 1.68 0.1 1.94 1.9 0.75 0.41 0.29 0.49 0.55 0.62 0.66 0.68 0.64 0.64 1.84 1.58 1.5 1.5 0.48 0.54 0.44 0.37 0.36 0.87 2.33 2.32 2.21 1.21 1.97 1.7 1.68 2.39 0.86 1.77 1.75 2.76 2.73 2.7 2.49 2.5 2.03 2.02 2.12 2.13 1.33 2.16
1.49 1.03 1.31 1.57 1.6 1.58 1.29 1.71 1.27 1.2 1.17 1.18 0.05 1.23 1.22 1.18 1.39 0.82 0.8 0.88 0.33 0.18 1.03 1.06 1.25 0.0 0.06 1.38 1.49 1.65 1.67 1.13 1.32 1.29 1.34 1.72 1.85 1.82 1.9 2.17 2.42 2.45 0.68 1.36 1.36 1.31 1.28 2.03 1.98 1.61 1.59 1.47 1.52 1.74 1.8 1.06 1.04 1.04 1.49 1.32 1.67 1.59 1.58 1.19 1.29 1.62 1.55 1.54 2.08 2.01 2.0 2.09 1.21 3.15 1.04 1.07 1.88 2.07 0.54 0.52 1.54 1.96 1.95 1.56 1.58 0.8 0.79 0.89 0.9 0.1 0.93
1.56 1.09 1.38 1.63 1.66 1.64 1.36 1.77 1.33 1.26 1.24 1.25 0.11 1.3 1.28 1.25 1.45 0.89 0.86 0.95 0.4 0.24 1.09 1.13 1.31 0.06 0.0 1.44 1.56 1.71 1.73 1.2 1.39 1.35 1.4 1.79 1.91 1.89 1.97 2.24 2.49 2.51 0.74 1.38 1.38 1.33 1.34 2.09 2.05 1.67 1.65 1.54 1.52 1.8 1.86 1.07 1.04 1.05 1.49 1.34 1.73 1.65 1.65 1.2 1.29 1.68 1.61 1.6 2.15 2.03 2.02 2.11 1.27 3.21 1.06 1.09 1.9 2.14 0.49 0.47 1.49 1.92 1.91 1.52 1.54 0.75 0.74 0.86 0.86 0.07 0.89
0.99 0.52 0.81 1.07 1.09 1.07 0.57 1.07 0.22 0.18 0.45 0.46 1.33 0.18 0.17 1.17 0.23 0.93 0.91 0.9 1.4 1.44 1.03 1.13 0.16 1.38 1.44 0.0 0.11 0.27 0.29 0.41 0.6 0.57 0.2 1.0 1.12 1.1 1.18 1.45 1.7 1.73 0.89 1.86 1.86 1.81 0.22 2.07 2.03 0.88 0.54 0.42 0.61 0.68 0.74 0.79 0.8 0.77 0.76 1.97 1.71 1.63 1.63 0.61 0.67 0.54 0.49 0.48 0.87 2.46 2.45 2.34 1.34 2.09 1.83 1.81 2.52 0.86 1.9 1.88 2.89 2.86 2.83 2.62 2.63 2.16 2.15 2.25 2.26 1.46 2.29
1.1 0.64 0.92 1.18 1.21 1.19 0.68 1.19 0.33 0.3 0.56 0.57 1.44 0.29 0.28 1.28 0.34 1.04 1.02 1.01 1.52 1.55 1.15 1.24 0.28 1.49 1.56 0.11 0.0 0.17 0.19 0.53 0.71 0.68 0.32 1.12 1.24 1.21 1.29 1.56 1.82 1.84 1.0 1.98 1.98 1.93 0.34 2.18 2.14 1.0 0.65 0.53 0.73 0.8 0.86 0.91 0.92 0.89 0.88 2.09 1.82 1.75 1.74 0.72 0.78 0.66 0.61 0.6 0.82 2.57 2.56 2.45 1.46 2.21 1.94 1.92 2.64 0.81 2.01 1.99 3.01 2.98 2.94 2.74 2.74 2.27 2.26 2.37 2.37 1.57 2.41
1.26 0.79 1.08 1.34 1.36 1.34 0.84 1.34 0.49 0.45 0.72 0.73 1.6 0.45 0.44 1.44 0.5 1.2 1.18 1.17 1.67 1.71 1.3 1.4 0.43 1.65 1.71 0.27 0.17 0.0 0.02 0.68 0.87 0.84 0.47 1.27 1.39 1.37 1.45 1.72 1.97 2.0 1.16 2.13 2.13 2.08 0.5 2.34 2.3 1.15 0.81 0.69 0.89 0.95 1.01 1.06 1.07 1.04 1.03 2.24 1.98 1.9 1.9 0.88 0.94 0.81 0.77 0.75 0.66 2.73 2.72 2.61 1.61 2.36 2.1 2.08 2.8 0.65 2.17 2.15 3.16 3.13 3.1 2.89 2.9 2.43 2.42 2.52 2.53 1.73 2.56
1.28 0.81 1.1 1.36 1.39 1.36 0.86 1.36 0.51 0.48 0.74 0.75 1.62 0.47 0.46 1.46 0.52 1.22 1.2 1.19 1.69 1.73 1.32 1.42 0.45 1.67 1.73 0.29 0.19 0.02 0.0 0.7 0.89 0.86 0.49 1.29 1.42 1.39 1.47 1.74 1.99 2.02 1.18 2.15 2.15 2.1 0.52 2.36 2.32 1.17 0.83 0.71 0.91 0.97 1.03 1.08 1.09 1.06 1.06 2.26 2.0 1.92 1.92 0.9 0.96 0.83 0.79 0.77 0.67 2.75 2.74 2.63 1.63 2.38 2.12 2.1 2.82 0.66 2.19 2.17 3.19 3.15 3.12 2.91 2.92 2.45 2.44 2.54 2.55 1.75 2.58
0.74 0.28 0.56 0.82 0.85 0.83 0.18 0.68 0.3 0.23 0.06 0.07 1.08 0.26 0.25 0.92 0.35 0.68 0.66 0.65 1.16 1.19 0.79 0.88 0.28 1.13 1.2 0.41 0.53 0.68 0.7 0.0 0.19 0.16 0.37 0.61 0.71 0.69 0.77 1.04 1.29 1.32 0.64 1.62 1.62 1.57 0.31 1.82 1.78 0.47 0.62 0.5 0.7 0.77 0.83 0.88 0.89 0.86 0.85 1.73 1.46 1.39 1.38 0.69 0.75 0.65 0.58 0.57 1.12 2.21 2.2 2.09 1.1 2.18 1.58 1.56 2.28 1.11 1.65 1.63 2.65 2.62 2.58 2.38 2.38 1.91 1.9 2.01 2.01 1.21 2.05
0.93 0.46 0.75 1.01 1.04 1.01 0.37 0.7 0.48 0.41 0.25 0.26 1.27 0.45 0.44 1.11 0.54 0.87 0.85 0.84 1.35 1.38 0.97 1.07 0.47 1.32 1.39 0.6 0.71 0.87 0.89 0.19 0.0 0.03 0.55 0.56 0.8 0.77 0.85 1.12 1.38 1.4 0.83 1.8 1.8 1.75 0.5 2.01 1.97 0.63 0.81 0.69 0.89 0.95 1.02 1.07 1.08 1.04 1.04 1.91 1.65 1.58 1.57 0.88 0.94 0.84 0.77 0.76 1.3 2.4 2.39 2.28 1.28 2.37 1.77 1.75 2.47 1.29 1.84 1.82 2.84 2.81 2.77 2.57 2.57 2.1 2.09 2.19 2.2 1.4 2.23
0.9 0.43 0.72 0.98 1.0 0.98 0.34 0.71 0.45 0.38 0.22 0.23 1.24 0.42 0.41 1.08 0.51 0.84 0.82 0.81 1.31 1.35 0.94 1.04 0.44 1.29 1.35 0.57 0.68 0.84 0.86 0.16 0.03 0.0 0.52 0.57 0.8 0.78 0.86 1.13 1.38 1.41 0.8 1.77 1.77 1.72 0.46 1.98 1.94 0.59 0.78 0.66 0.86 0.92 0.98 1.03 1.05 1.01 1.01 1.88 1.62 1.54 1.54 0.85 0.91 0.81 0.74 0.73 1.27 2.37 2.36 2.25 1.25 2.33 1.74 1.72 2.44 1.26 1.81 1.79 2.8 2.77 2.74 2.53 2.54 2.07 2.06 2.16 2.17 1.37 2.2
0.95 0.48 0.76 1.02 1.05 1.03 0.52 1.03 0.17 0.14 0.4 0.41 1.28 0.13 0.12 1.12 0.21 0.89 0.86 0.85 1.36 1.39 0.99 1.08 0.15 1.34 1.4 0.2 0.32 0.47 0.49 0.37 0.55 0.52 0.0 0.96 1.08 1.06 1.13 1.4 1.66 1.68 0.84 1.82 1.82 1.77 0.18 2.03 1.98 0.84 0.49 0.37 0.57 0.64 0.7 0.75 0.76 0.73 0.72 1.93 1.67 1.59 1.58 0.56 0.62 0.34 0.4 0.4 0.91 2.41 2.41 2.3 1.3 1.94 1.78 1.76 2.48 0.9 1.85 1.83 2.85 2.82 2.78 2.58 2.59 2.11 2.1 2.21 2.21 1.41 2.25
0.6 0.87 0.75 0.7 0.69 0.71 0.64 0.14 0.89 0.82 0.55 0.54 1.67 0.85 0.84 1.51 0.97 1.27 1.25 1.24 1.75 1.78 1.38 1.47 0.87 1.72 1.79 1.0 1.12 1.27 1.29 0.61 0.56 0.57 0.96 0.0 0.98 0.95 1.03 1.3 1.55 1.58 1.23 2.21 2.21 2.16 0.9 2.42 2.37 1.06 1.21 1.09 1.29 1.36 1.42 1.47 1.48 1.45 1.44 2.32 2.05 1.98 1.97 1.28 1.34 1.24 1.17 1.16 1.71 2.8 2.79 2.68 1.69 2.77 2.17 2.15 2.87 1.7 2.24 2.22 3.24 3.21 3.17 2.97 2.97 2.5 2.49 2.6 2.6 1.8 2.64
1.46 0.99 1.28 1.53 1.56 1.54 0.89 1.12 1.01 0.94 0.78 0.79 1.8 0.98 0.97 1.64 1.07 1.4 1.37 1.36 1.87 1.9 1.5 1.59 0.99 1.85 1.91 1.12 1.24 1.39 1.42 0.71 0.8 0.8 1.08 0.98 0.0 0.03 0.38 0.36 0.62 0.64 1.36 2.33 2.33 2.28 1.02 2.54 2.49 0.32 1.34 1.22 1.41 1.48 1.54 1.59 1.6 1.57 1.56 2.44 2.18 2.1 2.1 1.41 1.47 1.36 1.29 1.28 1.76 2.92 2.92 2.81 1.81 2.89 2.29 2.28 2.99 1.82 2.37 2.34 3.36 3.33 3.29 3.09 3.1 2.62 2.61 2.72 2.73 1.93 2.76
1.43 0.97 1.25 1.51 1.54 1.52 0.87 1.09 0.99 0.92 0.75 0.76 1.77 0.95 0.94 1.61 1.04 1.37 1.35 1.34 1.85 1.88 1.48 1.57 0.97 1.82 1.89 1.1 1.21 1.37 1.39 0.69 0.77 0.78 1.06 0.95 0.03 0.0 0.37 0.39 0.64 0.67 1.33 2.3 2.31 2.25 1.0 2.51 2.47 0.32 1.31 1.19 1.39 1.46 1.52 1.57 1.58 1.55 1.54 2.41 2.15 2.08 2.07 1.38 1.44 1.34 1.27 1.26 1.76 2.9 2.89 2.78 1.79 2.87 2.27 2.25 2.97 1.79 2.34 2.32 3.34 3.31 3.27 3.07 3.07 2.6 2.59 2.7 2.7 1.9 2.73
1.51 1.04 1.33 1.59 1.62 1.59 0.95 1.17 1.06 0.99 0.83 0.84 1.85 1.03 1.02 1.69 1.12 1.45 1.43 1.42 1.93 1.96 1.55 1.65 1.05 1.9 1.97 1.18 1.29 1.45 1.47 0.77 0.85 0.86 1.13 1.03 0.38 0.37 0.0 0.28 0.54 0.56 1.41 2.38 2.38 2.33 1.08 2.59 2.55 0.68 1.39 1.27 1.47 1.53 1.6 1.65 1.66 1.62 1.62 2.49 2.23 2.16 2.15 1.46 1.52 1.42 1.35 1.34 1.85 2.98 2.97 2.86 1.86 2.95 2.35 2.33 3.05 1.87 2.42 2.4 3.42 3.39 3.35 3.15 3.15 2.68 2.67 2.77 2.78 1.98 2.81
1.78 1.31 1.6 1.86 1.89 1.86 1.22 1.44 1.33 1.26 1.1 1.11 2.12 1.3 1.29 1.96 1.39 1.72 1.7 1.69 2.2 2.23 1.82 1.92 1.32 2.17 2.24 1.45 1.56 1.72 1.74 1.04 1.12 1.13 1.4 1.3 0.36 0.39 0.28 0.0 0.25 0.28 1.68 2.65 2.65 2.6 1.35 2.86 2.82 0.67 1.66 1.54 1.74 1.8 1.87 1.92 1.93 1.89 1.89 2.76 2.5 2.43 2.42 1.73 1.79 1.69 1.62 1.61 1.92 3.25 3.24 3.13 2.13 3.22 2.62 2.6 3.32 2.14 2.69 2.67 3.69 3.66 3.62 3.42 3.42 2.95 2.94 3.04 3.05 2.25 3.08
2.04 1.57 1.85 2.11 2.14 2.12 1.47 1.69 1.59 1.52 1.35 1.36 2.37 1.55 1.54 2.21 1.64 1.98 1.95 1.94 2.45 2.48 2.08 2.17 1.57 2.42 2.49 1.7 1.82 1.97 1.99 1.29 1.38 1.38 1.66 1.55 0.62 0.64 0.54 0.25 0.0 0.04 1.93 2.91 2.91 2.86 1.6 3.12 3.07 0.85 1.91 1.79 1.99 2.06 2.12 2.17 2.18 2.15 2.14 3.02 2.76 2.68 2.67 1.98 2.04 1.94 1.87 1.86 1.93 3.5 3.5 3.38 2.39 3.47 2.87 2.85 3.57 2.39 2.94 2.92 3.94 3.91 3.87 3.67 3.67 3.2 3.19 3.3 3.3 2.5 3.34
2.06 1.59 1.88 2.14 2.16 2.14 1.5 1.72 1.61 1.54 1.38 1.39 2.4 1.58 1.57 2.24 1.67 2.0 1.98 1.97 2.47 2.51 2.1 2.2 1.6 2.45 2.51 1.73 1.84 2.0 2.02 1.32 1.4 1.41 1.68 1.58 0.64 0.67 0.56 0.28 0.04 0.0 1.96 2.93 2.93 2.88 1.62 3.14 3.1 0.88 1.94 1.82 2.02 2.08 2.14 2.19 2.2 2.17 2.17 3.04 2.78 2.7 2.7 2.01 2.07 1.97 1.9 1.88 1.95 3.53 3.52 3.41 2.41 3.49 2.9 2.88 3.59 2.42 2.97 2.95 3.96 3.93 3.9 3.69 3.7 3.23 3.22 3.32 3.33 2.53 3.36
1.0 0.53 0.82 1.08 1.11 1.08 0.8 1.21 0.77 0.7 0.68 0.69 0.63 0.74 0.73 0.61 0.9 0.25 0.23 0.31 0.53 0.74 0.45 0.49 0.76 0.68 0.74 0.89 1.0 1.16 1.18 0.64 0.83 0.8 0.84 1.23 1.36 1.33 1.41 1.68 1.93 1.96 0.0 1.18 1.18 1.13 0.78 1.45 1.41 1.11 1.1 0.98 1.18 1.24 1.3 1.35 1.37 1.33 1.33 1.22 1.09 1.02 1.01 1.17 1.23 1.13 1.06 1.05 1.59 1.83 1.82 1.72 0.66 2.65 0.94 0.92 1.77 1.58 1.2 1.17 2.13 2.09 2.05 1.82 1.82 1.45 1.44 1.55 1.56 0.76 1.59
1.98 1.51 1.79 2.05 2.08 2.06 1.77 2.19 1.75 1.68 1.65 1.66 1.31 1.71 1.7 1.27 1.87 1.01 1.04 1.05 1.46 1.43 0.89 0.82 1.73 1.36 1.38 1.86 1.98 2.13 2.15 1.62 1.8 1.77 1.82 2.21 2.33 2.3 2.38 2.65 2.91 2.93 1.18 0.0 0.15 0.15 1.76 0.93 0.95 2.09 2.07 1.95 2.15 2.22 2.28 2.33 2.34 2.31 2.3 0.35 0.67 0.58 0.59 2.14 2.2 2.1 2.03 2.02 2.57 0.7 0.7 0.78 0.53 3.63 0.36 0.39 0.9 2.56 1.29 1.29 1.33 1.24 1.2 1.01 1.02 1.05 1.04 1.33 1.26 1.44 1.14
1.98 1.51 1.79 2.05 2.08 2.06 1.77 2.19 1.75 1.68 1.65 1.66 1.31 1.71 1.7 1.38 1.87 1.01 1.04 1.11 1.46 1.43 1.0 0.91 1.73 1.36 1.38 1.86 1.98 2.13 2.15 1.62 1.8 1.77 1.82 2.21 2.33 2.31 2.38 2.65 2.91 2.93 1.18 0.15 0.0 0.05 1.76 1.04 1.06 2.09 2.07 1.95 2.15 2.22 2.28 2.33 2.34 2.31 2.3 0.35 0.79 0.7 0.7 2.14 2.2 2.1 2.03 2.02 2.57 0.75 0.74 0.83 0.53 3.63 0.36 0.39 0.9 2.56 1.29 1.29 1.33 1.24 1.2 1.01 1.02 1.05 1.04 1.33 1.26 1.44 1.14
1.93 1.46 1.74 2.0 2.03 2.01 1.72 2.14 1.7 1.63 1.6 1.61 1.26 1.66 1.65 1.33 1.82 0.96 0.99 1.06 1.41 1.38 0.95 0.86 1.68 1.31 1.33 1.81 1.93 2.08 2.1 1.57 1.75 1.72 1.77 2.16 2.28 2.25 2.33 2.6 2.86 2.88 1.13 0.15 0.05 0.0 1.71 1.04 1.06 2.04 2.02 1.9 2.1 2.17 2.23 2.28 2.29 2.26 2.25 0.3 0.76 0.67 0.68 2.09 2.15 2.05 1.98 1.97 2.52 0.8 0.79 0.88 0.48 3.58 0.31 0.34 0.85 2.51 1.24 1.24 1.28 1.19 1.15 0.96 0.97 1.0 0.99 1.28 1.21 1.39 1.09
0.89 0.42 0.71 0.96 0.99 0.97 0.47 0.97 0.12 0.08 0.35 0.36 1.23 0.08 0.07 1.07 0.23 0.83 0.8 0.79 1.3 1.33 0.93 1.02 0.1 1.28 1.34 0.22 0.34 0.5 0.52 0.31 0.5 0.46 0.18 0.9 1.02 1.0 1.08 1.35 1.6 1.62 0.78 1.76 1.76 1.71 0.0 1.97 1.92 0.78 0.34 0.22 0.4 0.49 0.55 0.58 0.59 0.56 0.55 1.87 1.61 1.53 1.52 0.4 0.45 0.37 0.3 0.29 0.93 2.35 2.35 2.24 1.24 1.9 1.72 1.71 2.42 0.92 1.8 1.77 2.76 2.76 2.72 2.52 2.53 2.02 2.01 2.12 2.12 1.36 2.16
2.18 1.72 2.0 2.26 2.29 2.27 1.98 2.4 1.96 1.89 1.86 1.87 1.98 1.92 1.91 1.07 2.08 1.23 1.27 1.2 1.98 2.08 1.04 0.96 1.94 2.03 2.09 2.07 2.18 2.34 2.36 1.82 2.01 1.98 2.03 2.42 2.54 2.51 2.59 2.86 3.12 3.14 1.45 0.93 1.04 1.04 1.97 0.0 0.06 2.3 2.28 2.16 2.36 2.43 2.49 2.54 2.55 2.52 2.51 1.22 0.57 0.48 0.48 2.35 2.41 2.31 2.24 2.23 2.77 0.65 0.64 0.32 1.13 3.84 1.23 1.26 1.77 2.77 2.16 2.17 2.2 2.11 2.07 1.88 1.89 1.92 1.91 2.2 2.14 2.11 2.01
2.14 1.67 1.96 2.22 2.24 2.22 1.94 2.35 1.91 1.84 1.82 1.83 1.93 1.88 1.87 1.05 2.04 1.19 1.22 1.15 1.94 2.04 0.99 0.92 1.9 1.98 2.05 2.03 2.14 2.3 2.32 1.78 1.97 1.94 1.98 2.37 2.49 2.47 2.55 2.82 3.07 3.1 1.41 0.95 1.06 1.06 1.92 0.06 0.0 2.25 2.24 2.12 2.32 2.38 2.44 2.49 2.51 2.47 2.47 1.24 0.54 0.45 0.45 2.31 2.37 2.27 2.2 2.18 2.73 0.67 0.66 0.34 1.1 3.79 1.26 1.29 1.79 2.72 2.18 2.19 2.22 2.13 2.09 1.91 1.91 1.94 1.93 2.23 2.16 2.06 2.03
1.22 0.75 1.03 1.29 1.32 1.3 0.65 1.16 0.77 0.7 0.53 0.54 1.55 0.73 0.72 1.39 0.83 1.16 1.13 1.12 1.63 1.66 1.26 1.35 0.75 1.61 1.67 0.88 1.0 1.15 1.17 0.47 0.63 0.59 0.84 1.06 0.32 0.32 0.68 0.67 0.85 0.88 1.11 2.09 2.09 2.04 0.78 2.3 2.25 0.0 1.09 0.97 1.17 1.24 1.3 1.35 1.36 1.33 1.32 2.2 1.94 1.86 1.85 1.16 1.22 1.12 1.05 1.04 1.45 2.68 2.68 2.57 1.57 2.65 2.05 2.03 2.75 1.58 2.12 2.1 3.12 3.09 3.05 2.85 2.86 2.38 2.37 2.48 2.48 1.68 2.52
1.2 0.73 1.02 1.28 1.31 1.28 0.78 1.28 0.43 0.4 0.66 0.67 1.54 0.39 0.38 1.38 0.55 1.14 1.12 1.11 1.62 1.65 1.24 1.34 0.41 1.59 1.65 0.54 0.65 0.81 0.83 0.62 0.81 0.78 0.49 1.21 1.34 1.31 1.39 1.66 1.91 1.94 1.1 2.07 2.07 2.02 0.34 2.28 2.24 1.09 0.0 0.12 0.17 0.18 0.24 0.64 0.65 0.62 0.44 2.18 1.92 1.85 1.84 0.46 0.51 0.36 0.29 0.28 1.24 2.67 2.66 2.55 1.55 1.7 2.04 2.02 2.74 1.23 1.98 1.96 2.82 3.08 3.04 2.84 2.84 2.08 2.07 2.18 2.18 1.6 2.22
1.08 0.61 0.9 1.16 1.19 1.16 0.66 1.16 0.31 0.28 0.54 0.55 1.42 0.27 0.26 1.26 0.43 1.02 1.0 0.99 1.5 1.53 1.12 1.22 0.29 1.47 1.54 0.42 0.53 0.69 0.71 0.5 0.69 0.66 0.37 1.09 1.22 1.19 1.27 1.54 1.79 1.82 0.98 1.95 1.95 1.9 0.22 2.16 2.12 0.97 0.12 0.0 0.24 0.26 0.33 0.69 0.7 0.66 0.51 2.06 1.8 1.73 1.72 0.5 0.56 0.24 0.17 0.16 1.12 2.55 2.54 2.43 1.43 1.76 1.92 1.9 2.62 1.11 1.99 1.97 2.86 2.96 2.92 2.72 2.72 2.13 2.11 2.22 2.23 1.55 2.26
1.28 0.81 1.1 1.36 1.38 1.36 0.86 1.36 0.51 0.47 0.74 0.75 1.54 0.47 0.46 1.46 0.62 1.22 1.2 1.19 1.69 1.67 1.32 1.42 0.49 1.52 1.52 0.61 0.73 0.89 0.91 0.7 0.89 0.86 0.57 1.29 1.41 1.39 1.47 1.74 1.99 2.02 1.18 2.15 2.15 2.1 0.4 2.36 2.32 1.17 0.17 0.24 0.0 0.34 0.4 0.51 0.52 0.49 0.27 2.26 2.0 1.92 1.92 0.33 0.39 0.48 0.41 0.39 1.32 2.75 2.74 2.63 1.63 1.85 2.12 2.1 2.81 1.31 1.85 1.83 2.69 3.12 3.11 2.72 2.74 1.95 1.94 2.05 2.05 1.47 2.09
1.35 0.88 1.16 1.42 1.45 1.43 0.92 1.43 0.58 0.54 0.81 0.82 1.69 0.54 0.52 1.53 0.69 1.29 1.26 1.25 1.76 1.79 1.39 1.48 0.55 1.74 1.8 0.68 0.8 0.95 0.97 0.77 0.95 0.92 0.64 1.36 1.48 1.46 1.53 1.8 2.06 2.08 1.24 2.22 2.22 2.17 0.49 2.43 2.38 1.24 0.18 0.26 0.34 0.0 0.06 0.82 0.83 0.8 0.61 2.33 2.07 1.99 1.98 0.64 0.7 0.47 0.4 0.39 1.39 2.81 2.81 2.7 1.7 1.52 2.18 2.16 2.88 1.38 2.16 2.14 3.0 3.22 3.18 2.98 2.99 2.26 2.25 2.36 2.36 1.78 2.4
1.41 0.94 1.23 1.48 1.51 1.49 0.99 1.49 0.64 0.6 0.87 0.88 1.75 0.6 0.59 1.59 0.75 1.35 1.32 1.31 1.82 1.85 1.45 1.54 0.62 1.8 1.86 0.74 0.86 1.01 1.03 0.83 1.02 0.98 0.7 1.42 1.54 1.52 1.6 1.87 2.12 2.14 1.3 2.28 2.28 2.23 0.55 2.49 2.44 1.3 0.24 0.33 0.4 0.06 0.0 0.88 0.89 0.86 0.67 2.39 2.13 2.05 2.04 0.7 0.76 0.53 0.46 0.45 1.45 2.87 2.87 2.76 1.76 1.46 2.24 2.23 2.94 1.44 2.22 2.2 3.06 3.28 3.24 3.04 3.05 2.32 2.31 2.42 2.43 1.84 2.46
1.46 0.99 1.28 1.53 1.56 1.54 1.04 1.54 0.69 0.65 0.92 0.93 1.09 0.65 0.64 1.64 0.8 1.4 1.37 1.36 1.37 1.21 1.5 1.59 0.66 1.06 1.07 0.79 0.91 1.06 1.08 0.88 1.07 1.03 0.75 1.47 1.59 1.57 1.65 1.92 2.17 2.19 1.35 2.33 2.33 2.28 0.58 2.54 2.49 1.35 0.64 0.69 0.51 0.82 0.88 0.0 0.05 0.07 0.48 2.36 2.18 2.1 2.09 0.18 0.37 0.91 0.84 0.83 1.5 2.92 2.92 2.81 1.81 2.34 2.08 2.11 2.91 1.49 1.39 1.37 2.23 2.66 2.65 2.26 2.28 1.49 1.48 1.59 1.6 1.02 1.63
1.47 1.0 1.29 1.54 1.57 1.55 1.05 1.55 0.7 0.66 0.93 0.94 1.06 0.66 0.65 1.65 0.81 1.41 1.38 1.37 1.34 1.19 1.51 1.6 0.68 1.04 1.04 0.8 0.92 1.07 1.09 0.89 1.08 1.05 0.76 1.48 1.6 1.58 1.66 1.93 2.18 2.2 1.37 2.34 2.34 2.29 0.59 2.55 2.51 1.36 0.65 0.7 0.52 0.83 0.89 0.05 0.0 0.05 0.49 2.33 2.19 2.11 2.11 0.2 0.37 0.92 0.85 0.84 1.51 2.93 2.93 2.82 1.82 2.35 2.05 2.08 2.89 1.5 1.36 1.35 2.21 2.63 2.62 2.23 2.25 1.47 1.46 1.56 1.57 0.99 1.6
1.44 0.97 1.25 1.51 1.54 1.52 1.01 1.52 0.66 0.63 0.89 0.9 1.07 0.62 0.61 1.61 0.78 1.38 1.35 1.34 1.35 1.19 1.48 1.57 0.64 1.04 1.05 0.77 0.89 1.04 1.06 0.86 1.04 1.01 0.73 1.45 1.57 1.55 1.62 1.89 2.15 2.17 1.33 2.31 2.31 2.26 0.56 2.52 2.47 1.33 0.62 0.66 0.49 0.8 0.86 0.07 0.05 0.0 0.46 2.34 2.16 2.08 2.07 0.16 0.35 0.89 0.82 0.81 1.48 2.9 2.9 2.79 1.79 2.32 2.06 2.09 2.89 1.47 1.37 1.35 2.21 2.64 2.63 2.24 2.26 1.48 1.47 1.57 1.58 1.0 1.61
1.43 0.96 1.25 1.5 1.53 1.51 1.01 1.51 0.66 0.62 0.89 0.9 1.51 0.62 0.61 1.61 0.77 1.37 1.34 1.34 1.79 1.64 1.47 1.56 0.64 1.49 1.49 0.76 0.88 1.03 1.06 0.85 1.04 1.01 0.72 1.44 1.56 1.54 1.62 1.89 2.14 2.17 1.33 2.3 2.3 2.25 0.55 2.51 2.47 1.32 0.44 0.51 0.27 0.61 0.67 0.48 0.49 0.46 0.0 2.41 2.15 2.07 2.07 0.3 0.47 0.75 0.68 0.67 1.47 2.9 2.89 2.78 1.78 2.13 2.27 2.25 2.96 1.46 1.82 1.8 2.66 3.09 3.08 2.69 2.71 1.92 1.91 2.02 2.02 1.44 2.05
2.09 1.62 1.9 2.16 2.19 2.17 1.88 2.3 1.86 1.79 1.76 1.77 1.27 1.82 1.81 1.49 1.98 1.12 1.15 1.22 1.44 1.39 1.11 1.02 1.84 1.32 1.34 1.97 2.09 2.24 2.26 1.73 1.91 1.88 1.93 2.32 2.44 2.41 2.49 2.76 3.02 3.04 1.22 0.35 0.35 0.3 1.87 1.22 1.24 2.2 2.18 2.06 2.26 2.33 2.39 2.36 2.33 2.34 2.41 0.0 0.94 0.85 0.85 2.25 2.31 2.21 2.14 2.13 2.68 1.0 0.99 1.08 0.64 3.74 0.32 0.35 0.58 2.67 1.25 1.26 1.29 0.94 0.9 0.97 0.98 1.01 1.0 1.29 1.23 1.4 1.1
1.82 1.36 1.64 1.9 1.93 1.91 1.62 2.04 1.6 1.53 1.5 1.51 1.62 1.56 1.55 1.06 1.72 0.87 0.91 0.84 1.62 1.72 0.68 0.6 1.58 1.67 1.73 1.71 1.82 1.98 2.0 1.46 1.65 1.62 1.67 2.05 2.18 2.15 2.23 2.5 2.76 2.78 1.09 0.67 0.79 0.76 1.61 0.57 0.54 1.94 1.92 1.8 2.0 2.07 2.13 2.18 2.19 2.16 2.15 0.94 0.0 0.09 0.08 1.99 2.05 1.95 1.88 1.87 2.41 1.17 1.16 0.84 0.74 3.48 0.95 0.98 1.49 2.41 1.88 1.88 1.92 1.83 1.79 1.6 1.61 1.64 1.63 1.92 1.85 1.75 1.73
1.75 1.28 1.57 1.82 1.85 1.83 1.55 1.96 1.52 1.45 1.43 1.44 1.54 1.49 1.47 0.98 1.64 0.79 0.83 0.76 1.54 1.65 0.6 0.53 1.5 1.59 1.65 1.63 1.75 1.9 1.92 1.39 1.58 1.54 1.59 1.98 2.1 2.08 2.16 2.43 2.68 2.7 1.02 0.58 0.7 0.67 1.53 0.48 0.45 1.86 1.85 1.73 1.92 1.99 2.05 2.1 2.11 2.08 2.07 0.85 0.09 0.0 0.01 1.92 1.98 1.87 1.8 1.79 2.34 1.08 1.07 0.75 0.65 3.4 0.86 0.89 1.4 2.33 1.79 1.79 1.83 1.74 1.7 1.51 1.52 1.55 1.54 1.83 1.76 1.67 1.64
1.74 1.27 1.56 1.82 1.84 1.82 1.54 1.95 1.51 1.44 1.42 1.43 1.53 1.48 1.47 0.98 1.64 0.79 0.82 0.75 1.54 1.64 0.59 0.52 1.5 1.58 1.65 1.63 1.74 1.9 1.92 1.38 1.57 1.54 1.58 1.97 2.1 2.07 2.15 2.42 2.67 2.7 1.01 0.59 0.7 0.68 1.52 0.48 0.45 1.85 1.84 1.72 1.92 1.98 2.04 2.09 2.11 2.07 2.07 0.85 0.08 0.01 0.0 1.91 1.97 1.87 1.8 1.79 2.33 1.09 1.08 0.75 0.66 3.39 0.87 0.9 1.41 2.32 1.79 1.8 1.83 1.75 1.71 1.52 1.52 1.56 1.55 1.84 1.77 1.66 1.65
1.27 0.8 1.09 1.35 1.38 1.35 0.85 1.35 0.5 0.47 0.73 0.74 1.22 0.46 0.45 1.45 0.62 1.21 1.19 1.18 1.5 1.34 1.31 1.41 0.48 1.19 1.2 0.61 0.72 0.88 0.9 0.69 0.88 0.85 0.56 1.28 1.41 1.38 1.46 1.73 1.98 2.01 1.17 2.14 2.14 2.09 0.4 2.35 2.31 1.16 0.46 0.5 0.33 0.64 0.7 0.18 0.2 0.16 0.3 2.25 1.99 1.92 1.91 0.0 0.19 0.72 0.65 0.64 1.31 2.74 2.73 2.62 1.62 2.15 2.11 2.09 2.81 1.3 1.52 1.5 2.36 2.79 2.78 2.39 2.41 1.62 1.61 1.72 1.73 1.15 1.76
1.33 0.86 1.15 1.41 1.44 1.41 0.91 1.41 0.56 0.53 0.79 0.8 1.31 0.52 0.51 1.51 0.68 1.27 1.25 1.24 1.6 1.44 1.37 1.47 0.54 1.29 1.29 0.67 0.78 0.94 0.96 0.75 0.94 0.91 0.62 1.34 1.47 1.44 1.52 1.79 2.04 2.07 1.23 2.2 2.2 2.15 0.45 2.41 2.37 1.22 0.51 0.56 0.39 0.7 0.76 0.37 0.37 0.35 0.47 2.31 2.05 1.98 1.97 0.19 0.0 0.78 0.71 0.7 1.37 2.8 2.79 2.68 1.68 2.21 2.17 2.15 2.87 1.36 1.62 1.6 2.46 2.89 2.88 2.49 2.51 1.72 1.71 1.82 1.83 1.24 1.86
1.23 0.76 1.05 1.31 1.33 1.31 0.81 1.31 0.46 0.42 0.69 0.7 1.57 0.42 0.41 1.41 0.55 1.17 1.15 1.14 1.64 1.68 1.27 1.37 0.44 1.62 1.68 0.54 0.66 0.81 0.83 0.65 0.84 0.81 0.34 1.24 1.36 1.34 1.42 1.69 1.94 1.97 1.13 2.1 2.1 2.05 0.37 2.31 2.27 1.12 0.36 0.24 0.48 0.47 0.53 0.91 0.92 0.89 0.75 2.21 1.95 1.87 1.87 0.72 0.78 0.0 0.07 0.12 1.25 2.7 2.69 2.58 1.58 1.6 2.07 2.05 2.76 1.22 2.14 2.12 3.09 3.1 3.07 2.86 2.87 2.35 2.34 2.44 2.45 1.7 2.48
1.16 0.69 0.98 1.24 1.26 1.24 0.74 1.24 0.39 0.35 0.62 0.63 1.5 0.35 0.34 1.34 0.5 1.1 1.08 1.07 1.57 1.61 1.2 1.3 0.37 1.55 1.61 0.49 0.61 0.77 0.79 0.58 0.77 0.74 0.4 1.17 1.29 1.27 1.35 1.62 1.87 1.9 1.06 2.03 2.03 1.98 0.3 2.24 2.2 1.05 0.29 0.17 0.41 0.4 0.46 0.84 0.85 0.82 0.68 2.14 1.88 1.8 1.8 0.65 0.71 0.07 0.0 0.05 1.2 2.63 2.62 2.51 1.51 1.6 2.0 1.98 2.69 1.19 2.07 2.05 3.02 3.03 3.0 2.79 2.8 2.28 2.27 2.37 2.38 1.63 2.41
1.15 0.68 0.97 1.22 1.25 1.23 0.73 1.23 0.38 0.34 0.61 0.62 1.49 0.34 0.33 1.33 0.49 1.09 1.06 1.05 1.56 1.59 1.19 1.28 0.36 1.54 1.6 0.48 0.6 0.75 0.77 0.57 0.76 0.73 0.4 1.16 1.28 1.26 1.34 1.61 1.86 1.88 1.05 2.02 2.02 1.97 0.29 2.23 2.18 1.04 0.28 0.16 0.39 0.39 0.45 0.83 0.84 0.81 0.67 2.13 1.87 1.79 1.79 0.64 0.7 0.12 0.05 0.0 1.19 2.61 2.61 2.5 1.5 1.64 1.98 1.97 2.68 1.18 2.06 2.03 3.0 3.02 2.99 2.78 2.79 2.27 2.26 2.36 2.37 1.62 2.4
1.69 1.23 1.51 1.77 1.8 1.78 1.27 1.78 0.92 0.89 1.15 1.16 2.03 0.88 0.87 1.87 0.9 1.63 1.61 1.6 2.11 2.14 1.74 1.83 0.87 2.08 2.15 0.87 0.82 0.66 0.67 1.12 1.3 1.27 0.91 1.71 1.76 1.76 1.85 1.92 1.93 1.95 1.59 2.57 2.57 2.52 0.93 2.77 2.73 1.45 1.24 1.12 1.32 1.39 1.45 1.5 1.51 1.48 1.47 2.68 2.41 2.34 2.33 1.31 1.37 1.25 1.2 1.19 0.0 3.16 3.15 3.04 2.05 2.8 2.53 2.51 3.23 0.5 2.6 2.58 3.6 3.57 3.53 3.33 3.33 2.86 2.85 2.96 2.96 2.16 3.0
2.57 2.1 2.39 2.65 2.67 2.65 2.37 2.78 2.34 2.27 2.25 2.26 1.96 2.31 2.3 1.71 2.47 1.62 1.65 1.58 2.11 2.08 1.42 1.35 2.33 2.01 2.03 2.46 2.57 2.73 2.75 2.21 2.4 2.37 2.41 2.8 2.92 2.9 2.98 3.25 3.5 3.53 1.83 0.7 0.75 0.8 2.35 0.65 0.67 2.68 2.67 2.55 2.75 2.81 2.87 2.92 2.93 2.9 2.9 1.0 1.17 1.08 1.09 2.74 2.8 2.7 2.63 2.61 3.16 0.0 0.01 0.34 1.18 4.22 1.01 1.04 1.55 3.15 1.94 1.94 1.98 1.89 1.85 1.66 1.67 1.7 1.69 1.98 1.91 2.09 1.79
2.56 2.1 2.38 2.64 2.67 2.65 2.36 2.78 2.34 2.27 2.24 2.25 1.95 2.3 2.29 1.7 2.46 1.61 1.65 1.58 2.1 2.07 1.42 1.34 2.32 2.0 2.02 2.45 2.56 2.72 2.74 2.2 2.39 2.36 2.41 2.79 2.92 2.89 2.97 3.24 3.5 3.52 1.82 0.7 0.74 0.79 2.35 0.64 0.66 2.68 2.66 2.54 2.74 2.81 2.87 2.92 2.93 2.9 2.89 0.99 1.16 1.07 1.08 2.73 2.79 2.69 2.62 2.61 3.15 0.01 0.0 0.33 1.17 4.22 1.0 1.03 1.54 3.14 1.93 1.94 1.97 1.88 1.84 1.66 1.66 1.69 1.68 1.97 1.91 2.08 1.78
2.45 1.99 2.27 2.53 2.56 2.54 2.25 2.67 2.23 2.16 2.13 2.14 2.04 2.19 2.18 1.37 2.35 1.5 1.53 1.46 2.19 2.16 1.31 1.23 2.21 2.09 2.11 2.34 2.45 2.61 2.63 2.09 2.28 2.25 2.3 2.68 2.81 2.78 2.86 3.13 3.38 3.41 1.72 0.78 0.83 0.88 2.24 0.32 0.34 2.57 2.55 2.43 2.63 2.7 2.76 2.81 2.82 2.79 2.78 1.08 0.84 0.75 0.75 2.62 2.68 2.58 2.51 2.5 3.04 0.34 0.33 0.0 1.26 4.11 1.09 1.12 1.63 3.03 2.02 2.02 2.06 1.97 1.93 1.74 1.75 1.78 1.77 2.06 1.99 2.17 1.87
1.46 0.99 1.27 1.53 1.56 1.54 1.25 1.67 1.23 1.16 1.14 1.15 1.16 1.19 1.18 0.86 1.35 0.49 0.52 0.59 1.19 1.27 0.48 0.39 1.21 1.21 1.27 1.34 1.46 1.61 1.63 1.1 1.28 1.25 1.3 1.69 1.81 1.79 1.86 2.13 2.39 2.41 0.66 0.53 0.53 0.48 1.24 1.13 1.1 1.57 1.55 1.43 1.63 1.7 1.76 1.81 1.82 1.79 1.78 0.64 0.74 0.65 0.66 1.62 1.68 1.58 1.51 1.5 2.05 1.18 1.17 1.26 0.0 3.11 0.61 0.64 1.19 2.04 1.54 1.55 1.61 1.53 1.49 1.3 1.3 1.3 1.29 1.58 1.51 1.29 1.42
2.76 2.29 2.58 2.83 2.86 2.84 2.34 2.84 1.99 1.95 2.22 2.23 3.1 1.95 1.94 2.94 2.1 2.7 2.67 2.66 3.17 3.2 2.8 2.89 1.97 3.15 3.21 2.09 2.21 2.36 2.38 2.18 2.37 2.33 1.94 2.77 2.89 2.87 2.95 3.22 3.47 3.49 2.65 3.63 3.63 3.58 1.9 3.84 3.79 2.65 1.7 1.76 1.85 1.52 1.46 2.34 2.35 2.32 2.13 3.74 3.48 3.4 3.39 2.15 2.21 1.6 1.6 1.64 2.8 4.22 4.22 4.11 3.11 0.0 3.59 3.58 4.29 2.79 3.67 3.64 4.52 4.63 4.59 4.39 4.4 3.78 3.77 3.87 3.88 3.23 3.91
1.94 1.47 1.76 2.02 2.04 2.02 1.74 2.15 1.71 1.64 1.62 1.63 0.99 1.68 1.67 1.46 1.84 1.09 1.1 1.19 1.17 1.11 1.08 0.99 1.7 1.04 1.06 1.83 1.94 2.1 2.12 1.58 1.77 1.74 1.78 2.17 2.29 2.27 2.35 2.62 2.87 2.9 0.94 0.36 0.36 0.31 1.72 1.23 1.26 2.05 2.04 1.92 2.12 2.18 2.24 2.08 2.05 2.06 2.27 0.32 0.95 0.86 0.87 2.11 2.17 2.07 2.0 1.98 2.53 1.01 1.0 1.09 0.61 3.59 0.0 0.03 0.88 2.52 0.98 0.98 1.24 1.2 1.16 0.92 0.93 0.74 0.73 1.02 0.95 1.12 0.89
1.92 1.45 1.74 2.0 2.03 2.0 1.72 2.13 1.7 1.62 1.6 1.61 1.02 1.66 1.65 1.47 1.82 1.11 1.09 1.17 1.15 1.14 1.11 1.02 1.68 1.07 1.09 1.81 1.92 2.08 2.1 1.56 1.75 1.72 1.76 2.15 2.28 2.25 2.33 2.6 2.85 2.88 0.92 0.39 0.39 0.34 1.71 1.26 1.29 2.03 2.02 1.9 2.1 2.16 2.23 2.11 2.08 2.09 2.25 0.35 0.98 0.89 0.9 2.09 2.15 2.05 1.98 1.97 2.51 1.04 1.03 1.12 0.64 3.58 0.03 0.0 0.91 2.5 1.01 1.01 1.27 1.23 1.19 0.95 0.96 0.77 0.76 1.05 0.98 1.15 0.92
2.64 2.17 2.46 2.71 2.74 2.72 2.44 2.85 2.41 2.34 2.32 2.33 1.83 2.38 2.37 2.05 2.53 1.67 1.71 1.77 2.0 1.94 1.67 1.58 2.39 1.88 1.9 2.52 2.64 2.8 2.82 2.28 2.47 2.44 2.48 2.87 2.99 2.97 3.05 3.32 3.57 3.59 1.77 0.9 0.9 0.85 2.42 1.77 1.79 2.75 2.74 2.62 2.81 2.88 2.94 2.91 2.89 2.89 2.96 0.58 1.49 1.4 1.41 2.81 2.87 2.76 2.69 2.68 3.23 1.55 1.54 1.63 1.19 4.29 0.88 0.91 0.0 3.22 1.8 1.81 1.6 0.96 0.95 1.33 1.31 1.56 1.55 1.85 1.78 1.96 1.65
1.69 1.22 1.5 1.76 1.79 1.77 1.26 1.77 0.91 0.88 1.14 1.15 2.02 0.87 0.86 1.86 0.89 1.62 1.6 1.59 2.1 2.13 1.73 1.82 0.86 2.07 2.14 0.86 0.81 0.65 0.66 1.11 1.29 1.26 0.9 1.7 1.82 1.79 1.87 2.14 2.39 2.42 1.58 2.56 2.56 2.51 0.92 2.77 2.72 1.58 1.23 1.11 1.31 1.38 1.44 1.49 1.5 1.47 1.46 2.67 2.41 2.33 2.32 1.3 1.36 1.22 1.19 1.18 0.5 3.15 3.14 3.03 2.04 2.79 2.52 2.5 3.22 0.0 2.59 2.57 3.59 3.56 3.52 3.32 3.32 2.85 2.84 2.95 2.95 2.15 2.99
2.01 1.54 1.83 2.09 2.12 2.09 1.81 2.22 1.79 1.71 1.69 1.7 0.57 1.75 1.74 1.7 1.91 1.34 1.32 1.4 0.85 0.7 1.54 1.58 1.77 0.54 0.49 1.9 2.01 2.17 2.19 1.65 1.84 1.81 1.85 2.24 2.37 2.34 2.42 2.69 2.94 2.97 1.2 1.29 1.29 1.24 1.8 2.16 2.18 2.12 1.98 1.99 1.85 2.16 2.22 1.39 1.36 1.37 1.82 1.25 1.88 1.79 1.79 1.52 1.62 2.14 2.07 2.06 2.6 1.94 1.93 2.02 1.54 3.67 0.98 1.01 1.8 2.59 0.0 0.02 1.01 1.44 1.43 1.04 1.06 0.28 0.27 0.4 0.38 0.44 0.41
1.99 1.52 1.81 2.07 2.09 2.07 1.79 2.2 1.76 1.69 1.67 1.68 0.55 1.73 1.72 1.68 1.88 1.32 1.29 1.38 0.83 0.67 1.52 1.56 1.75 0.52 0.47 1.88 1.99 2.15 2.17 1.63 1.82 1.79 1.83 2.22 2.34 2.32 2.4 2.67 2.92 2.95 1.17 1.29 1.29 1.24 1.77 2.17 2.19 2.1 1.96 1.97 1.83 2.14 2.2 1.37 1.35 1.35 1.8 1.26 1.88 1.79 1.8 1.5 1.6 2.12 2.05 2.03 2.58 1.94 1.94 2.02 1.55 3.64 0.98 1.01 1.81 2.57 0.02 0.0 1.02 1.45 1.44 1.05 1.07 0.28 0.27 0.41 0.39 0.42 0.42
3.01 2.54 2.83 3.08 3.11 3.09 2.81 3.22 2.78 2.71 2.69 2.7 1.56 2.75 2.73 2.46 2.9 2.09 2.12 2.19 1.85 1.69 2.08 1.99 2.76 1.54 1.49 2.89 3.01 3.16 3.19 2.65 2.84 2.8 2.85 3.24 3.36 3.34 3.42 3.69 3.94 3.96 2.13 1.33 1.33 1.28 2.76 2.2 2.22 3.12 2.82 2.86 2.69 3.0 3.06 2.23 2.21 2.21 2.66 1.29 1.92 1.83 1.83 2.36 2.46 3.09 3.02 3.0 3.6 1.98 1.97 2.06 1.61 4.52 1.24 1.27 1.6 3.59 1.01 1.02 0.0 0.67 0.66 0.32 0.32 0.88 0.87 1.05 0.64 1.43 0.92
2.98 2.51 2.8 3.05 3.08 3.06 2.78 3.19 2.75 2.68 2.66 2.67 1.99 2.72 2.7 2.39 2.87 2.01 2.05 2.11 2.28 2.12 2.0 1.92 2.73 1.96 1.92 2.86 2.98 3.13 3.15 2.62 2.81 2.77 2.82 3.21 3.33 3.31 3.39 3.66 3.91 3.93 2.09 1.24 1.24 1.19 2.76 2.11 2.13 3.09 3.08 2.96 3.12 3.22 3.28 2.66 2.63 2.64 3.09 0.94 1.83 1.74 1.75 2.79 2.89 3.1 3.03 3.02 3.57 1.89 1.88 1.97 1.53 4.63 1.2 1.23 0.96 3.56 1.44 1.45 0.67 0.0 0.04 0.4 0.38 1.19 1.2 1.49 1.29 1.86 1.04
2.94 2.47 2.76 3.02 3.04 3.02 2.74 3.15 2.71 2.64 2.62 2.63 1.98 2.68 2.67 2.35 2.84 1.97 2.01 2.07 2.27 2.11 1.97 1.88 2.7 1.95 1.91 2.83 2.94 3.1 3.12 2.58 2.77 2.74 2.78 3.17 3.29 3.27 3.35 3.62 3.87 3.9 2.05 1.2 1.2 1.15 2.72 2.07 2.09 3.05 3.04 2.92 3.11 3.18 3.24 2.65 2.62 2.63 3.08 0.9 1.79 1.7 1.71 2.78 2.88 3.07 3.0 2.99 3.53 1.85 1.84 1.93 1.49 4.59 1.16 1.19 0.95 3.52 1.43 1.44 0.66 0.04 0.0 0.39 0.37 1.18 1.19 1.48 1.28 1.85 1.03
2.74 2.27 2.56 2.81 2.84 2.82 2.54 2.95 2.51 2.44 2.42 2.43 1.59 2.48 2.46 2.15 2.63 1.77 1.81 1.87 1.88 1.72 1.76 1.68 2.49 1.56 1.52 2.62 2.74 2.89 2.91 2.38 2.57 2.53 2.58 2.97 3.09 3.07 3.15 3.42 3.67 3.69 1.82 1.01 1.01 0.96 2.52 1.88 1.91 2.85 2.84 2.72 2.72 2.98 3.04 2.26 2.23 2.24 2.69 0.97 1.6 1.51 1.52 2.39 2.49 2.86 2.79 2.78 3.33 1.66 1.66 1.74 1.3 4.39 0.92 0.95 1.33 3.32 1.04 1.05 0.32 0.4 0.39 0.0 0.02 0.79 0.8 1.09 0.93 1.46 0.64
2.74 2.28 2.56 2.82 2.85 2.83 2.54 2.96 2.52 2.45 2.42 2.43 1.61 2.48 2.47 2.15 2.64 1.78 1.81 1.88 1.9 1.74 1.77 1.68 2.5 1.58 1.54 2.63 2.74 2.9 2.92 2.38 2.57 2.54 2.59 2.97 3.1 3.07 3.15 3.42 3.67 3.7 1.82 1.02 1.02 0.97 2.53 1.89 1.91 2.86 2.84 2.72 2.74 2.99 3.05 2.28 2.25 2.26 2.71 0.98 1.61 1.52 1.52 2.41 2.51 2.87 2.8 2.79 3.33 1.67 1.66 1.75 1.3 4.4 0.93 0.96 1.31 3.32 1.06 1.07 0.32 0.38 0.37 0.02 0.0 0.81 0.82 1.11 0.94 1.48 0.66
2.27 1.8 2.09 2.35 2.37 2.35 2.07 2.48 2.04 1.97 1.95 1.96 0.83 2.01 2.0 1.96 2.17 1.6 1.57 1.66 1.11 0.95 1.77 1.68 2.03 0.8 0.75 2.16 2.27 2.43 2.45 1.91 2.1 2.07 2.11 2.5 2.62 2.6 2.68 2.95 3.2 3.23 1.45 1.05 1.05 1.0 2.02 1.92 1.94 2.38 2.08 2.13 1.95 2.26 2.32 1.49 1.47 1.48 1.92 1.01 1.64 1.55 1.56 1.62 1.72 2.35 2.28 2.27 2.86 1.7 1.69 1.78 1.3 3.78 0.74 0.77 1.56 2.85 0.28 0.28 0.88 1.19 1.18 0.79 0.81 0.0 0.01 0.32 0.24 0.7 0.15
2.26 1.79 2.08 2.34 2.36 2.34 2.06 2.47 2.03 1.96 1.94 1.95 0.82 2.0 1.99 1.95 2.15 1.59 1.56 1.65 1.1 0.94 1.76 1.67 2.02 0.79 0.74 2.15 2.26 2.42 2.44 1.9 2.09 2.06 2.1 2.49 2.61 2.59 2.67 2.94 3.19 3.22 1.44 1.04 1.04 0.99 2.01 1.91 1.93 2.37 2.07 2.11 1.94 2.25 2.31 1.48 1.46 1.47 1.91 1.0 1.63 1.54 1.55 1.61 1.71 2.34 2.27 2.26 2.85 1.69 1.68 1.77 1.29 3.77 0.73 0.76 1.55 2.84 0.27 0.27 0.87 1.2 1.19 0.8 0.82 0.01 0.0 0.31 0.23 0.69 0.16
2.37 1.9 2.18 2.44 2.47 2.45 2.16 2.58 2.14 2.07 2.05 2.06 0.92 2.1 2.09 2.06 2.26 1.7 1.67 1.75 1.21 1.05 1.9 1.94 2.12 0.89 0.86 2.25 2.37 2.52 2.54 2.01 2.19 2.16 2.21 2.6 2.72 2.7 2.77 3.04 3.3 3.32 1.55 1.33 1.33 1.28 2.12 2.2 2.23 2.48 2.18 2.22 2.05 2.36 2.42 1.59 1.56 1.57 2.02 1.29 1.92 1.83 1.84 1.72 1.82 2.44 2.37 2.36 2.96 1.98 1.97 2.06 1.58 3.87 1.02 1.05 1.85 2.95 0.4 0.41 1.05 1.49 1.48 1.09 1.11 0.32 0.31 0.0 0.42 0.79 0.46
2.37 1.9 2.19 2.45 2.48 2.45 2.17 2.58 2.14 2.07 2.05 2.06 0.93 2.11 2.1 2.06 2.27 1.7 1.68 1.76 1.21 1.06 1.9 1.89 2.13 0.9 0.86 2.26 2.37 2.53 2.55 2.01 2.2 2.17 2.21 2.6 2.73 2.7 2.78 3.05 3.3 3.33 1.56 1.26 1.26 1.21 2.12 2.14 2.16 2.48 2.18 2.23 2.05 2.36 2.43 1.6 1.57 1.58 2.02 1.23 1.85 1.76 1.77 1.73 1.83 2.45 2.38 2.37 2.96 1.91 1.91 1.99 1.51 3.88 0.95 0.98 1.78 2.95 0.38 0.39 0.64 1.29 1.28 0.93 0.94 0.24 0.23 0.42 0.0 0.8 0.35
1.57 1.1 1.39 1.65 1.68 1.66 1.37 1.79 1.35 1.27 1.25 1.26 0.13 1.31 1.3 1.26 1.47 0.9 0.88 0.96 0.41 0.26 1.1 1.14 1.33 0.1 0.07 1.46 1.57 1.73 1.75 1.21 1.4 1.37 1.41 1.8 1.93 1.9 1.98 2.25 2.5 2.53 0.76 1.44 1.44 1.39 1.36 2.11 2.06 1.68 1.6 1.55 1.47 1.78 1.84 1.02 0.99 1.0 1.44 1.4 1.75 1.67 1.66 1.15 1.24 1.7 1.63 1.62 2.16 2.09 2.08 2.17 1.29 3.23 1.12 1.15 1.96 2.15 0.44 0.42 1.43 1.86 1.85 1.46 1.48 0.7 0.69 0.79 0.8 0.0 0.83
2.41 1.94 2.22 2.48 2.51 2.49 2.2 2.62 2.18 2.11 2.08 2.09 0.96 2.14 2.13 2.1 2.3 1.73 1.71 1.79 1.25 1.09 1.89 1.8 2.16 0.93 0.89 2.29 2.41 2.56 2.58 2.05 2.23 2.2 2.25 2.64 2.76 2.73 2.81 3.08 3.34 3.36 1.59 1.14 1.14 1.09 2.16 2.01 2.03 2.52 2.22 2.26 2.09 2.4 2.46 1.63 1.6 1.61 2.05 1.1 1.73 1.64 1.65 1.76 1.86 2.48 2.41 2.4 3.0 1.79 1.78 1.87 1.42 3.91 0.89 0.92 1.65 2.99 0.41 0.42 0.92 1.04 1.03 0.64 0.66 0.15 0.16 0.46 0.35 0.83 0.0
