0.0 2.93 2.91 3.41 3.43 5.93 3.59 4.85 3.46 5.57 2.38 2.63 2.84 4.65 2.44 4.43 2.45 2.77 5.9
2.04 0.0 0.55 1.8 4.35 5.43 1.72 3.03 1.1 4.55 0.89 3.56 2.89 5.57 3.36 5.36 2.5 1.82 5.0
2.85 1.59 0.0 1.3 5.31 4.93 1.23 2.54 0.61 4.05 2.2 4.24 3.54 6.53 4.32 5.56 3.15 1.8 4.5
2.3 0.32 0.34 0.0 4.61 5.21 1.51 2.82 0.89 4.33 1.15 3.82 3.15 5.83 3.62 5.61 2.75 2.08 4.78
3.95 4.81 4.79 4.69 0.0 3.35 4.82 3.74 4.85 2.99 4.26 2.74 3.67 1.8 2.36 1.41 3.27 4.65 3.32
5.83 5.77 5.79 5.48 3.35 0.0 5.61 3.65 5.64 4.12 6.15 4.62 5.55 4.02 4.25 2.46 5.16 5.93 4.45
3.3 2.04 2.06 1.75 5.77 5.34 0.0 2.94 1.91 4.46 2.88 4.97 4.85 6.94 4.78 5.96 4.45 2.25 4.9
5.44 4.22 4.24 3.93 6.15 5.43 4.06 0.0 4.09 4.6 5.02 7.11 7.02 7.08 6.91 6.1 6.62 4.38 5.04
2.86 1.59 1.62 1.31 4.96 4.94 1.23 2.54 0.0 4.06 1.74 3.78 3.08 6.18 3.97 5.57 2.69 1.81 4.51
4.98 3.76 3.78 3.47 3.11 2.46 3.6 1.88 3.63 0.0 4.57 4.39 5.32 3.79 4.02 2.81 4.93 3.93 2.37
2.02 1.82 1.8 2.85 3.51 6.02 2.97 4.28 2.35 5.65 0.0 2.72 2.36 4.73 2.52 4.51 1.97 2.21 5.98
3.17 3.9 3.88 4.52 3.26 5.77 4.69 5.95 4.43 5.4 3.36 0.0 2.38 4.48 1.97 4.27 1.99 3.87 5.73
2.21 1.61 1.59 2.64 4.02 6.46 2.76 4.07 2.14 5.58 1.06 2.84 0.0 5.24 3.03 5.03 1.49 1.99 6.03
4.66 5.39 5.42 5.1 1.39 2.91 5.23 3.64 5.26 3.41 4.98 3.45 4.38 0.0 3.07 0.76 3.99 5.36 3.74
3.06 3.93 3.91 4.41 2.36 4.86 4.59 5.25 4.46 4.5 3.38 0.4 2.45 3.57 0.0 3.36 2.05 3.77 4.83
5.27 5.62 5.64 5.33 2.0 2.19 5.46 3.81 5.49 3.63 5.59 4.06 4.99 2.21 3.68 0.0 4.6 5.79 3.96
2.61 2.0 1.98 3.03 4.42 6.86 3.15 4.46 2.53 5.98 1.46 3.24 0.48 5.64 3.43 5.42 0.0 2.39 6.42
1.83 0.37 0.35 1.59 4.15 5.22 1.52 2.83 0.9 4.34 0.68 3.35 2.68 5.36 3.16 5.15 2.29 0.0 4.79
3.04 1.83 1.85 1.54 5.31 4.63 1.67 2.24 1.7 3.76 2.63 4.71 4.63 6.24 4.52 5.26 4.23 1.99 0.0
