0.0 5.18 2.67 4.26 1.95 3.03 2.78 4.85 4.06 3.44 2.7 3.49 3.47 3.57 1.97 4.43 2.74 3.32 2.83 4.06 3.23 3.63 3.63 5.08 3.29 2.91 5.62 5.48 2.52 4.52 1.63 3.91 5.87 4.29 4.51 4.95 5.94 4.63 4.71 2.95 3.16
4.54 0.0 5.06 3.08 4.51 4.85 5.96 1.21 3.18 5.24 3.42 5.3 6.25 5.38 4.9 3.74 5.92 5.13 4.51 3.18 5.04 3.25 3.37 2.53 3.52 3.35 2.54 3.23 4.91 4.1 4.19 2.66 2.23 5.02 1.96 1.63 3.39 4.21 4.29 4.77 4.96
2.09 3.93 0.0 3.01 1.97 1.59 1.63 4.87 2.81 2.88 2.72 2.93 2.16 3.01 2.0 3.19 1.59 2.99 2.51 2.81 2.84 3.66 3.57 3.83 2.04 2.93 4.38 4.23 1.28 4.54 1.65 3.93 5.9 3.04 3.27 4.98 4.69 4.65 4.73 1.51 2.83
4.19 1.71 2.83 0.0 4.07 2.62 3.73 2.85 0.84 4.98 4.56 5.03 4.02 5.11 4.1 1.4 3.69 5.09 4.61 0.84 4.94 4.39 4.51 1.61 1.29 4.49 2.53 2.09 2.68 5.24 3.75 3.87 3.87 2.68 1.42 3.27 2.47 5.34 5.42 2.54 4.93
1.1 4.08 2.8 4.39 0.0 3.17 2.52 2.96 4.19 1.71 0.81 1.76 3.2 1.84 1.35 4.56 2.48 1.59 1.11 4.19 1.5 1.74 1.86 4.89 3.42 1.18 4.64 5.54 2.66 2.63 0.74 2.02 3.99 4.42 4.06 3.07 5.36 2.74 2.82 3.08 1.43
2.43 3.35 1.08 2.42 2.32 0.0 1.98 4.49 2.22 3.22 3.07 3.28 2.27 3.35 2.34 2.6 1.94 3.34 2.85 2.22 3.19 4.0 3.91 3.24 1.45 3.28 3.79 3.64 0.93 4.89 2.0 4.28 5.51 2.45 2.68 4.55 4.11 5.0 5.08 1.13 3.18
2.42 4.27 1.47 3.35 2.31 1.23 0.0 5.21 3.15 3.21 3.06 3.27 1.8 3.34 2.33 3.52 1.93 3.33 2.84 3.15 3.18 3.99 3.9 4.17 2.38 3.27 4.71 4.57 1.32 4.88 1.99 4.27 6.23 3.38 3.6 5.31 5.03 4.99 5.07 1.15 3.17
5.44 4.16 7.14 5.44 5.4 7.07 6.96 0.0 5.55 6.14 4.31 6.19 7.65 6.27 5.79 6.1 6.92 6.02 5.4 5.55 5.93 4.15 4.26 4.97 5.74 4.24 4.76 5.66 6.99 4.99 5.08 3.0 4.06 7.3 4.18 3.19 5.44 5.1 5.18 6.99 5.86
4.04 1.88 2.68 0.67 3.93 2.48 3.59 3.02 0.0 4.83 4.67 4.88 3.88 4.96 3.95 1.26 3.55 4.95 4.46 0.7 4.79 4.56 4.68 1.77 1.15 4.65 2.69 2.26 2.54 5.4 3.61 4.03 4.04 2.26 1.58 3.44 2.64 5.51 5.59 2.4 4.79
3.55 5.75 3.24 4.83 3.43 3.22 2.07 5.41 4.63 0.0 3.27 0.12 2.76 0.2 3.18 5.01 2.03 2.62 2.13 4.63 1.41 4.2 3.19 5.65 3.86 2.93 6.2 6.05 3.1 5.03 3.11 4.47 6.43 4.86 5.09 5.51 6.51 5.14 5.22 3.14 1.56
2.52 3.33 4.23 4.57 2.49 4.59 3.81 2.21 4.68 2.99 0.0 3.04 4.5 3.12 2.67 5.24 3.77 2.87 2.25 4.68 2.78 1.0 1.11 4.14 4.85 1.09 3.89 4.79 4.08 1.88 2.17 1.27 3.24 5.85 3.31 2.32 4.61 1.99 2.07 4.51 2.71
3.5 5.7 3.19 4.78 3.38 3.17 2.02 5.36 4.58 1.4 3.22 0.0 2.71 0.15 3.13 4.96 1.98 2.57 2.08 4.58 1.36 4.15 3.14 5.6 3.81 2.88 6.15 6.0 3.05 4.98 3.06 4.42 6.39 4.81 5.04 5.46 6.46 5.09 5.17 3.09 1.51
2.67 4.87 2.36 3.95 2.55 2.34 1.19 5.04 3.75 2.12 2.89 2.18 0.0 2.26 2.58 4.13 1.15 2.24 1.75 3.75 2.09 3.83 2.81 4.77 2.98 2.56 5.32 5.17 2.22 4.66 2.23 4.1 6.06 3.98 4.21 5.14 5.63 4.77 4.85 2.26 2.08
3.44 5.65 3.14 4.73 3.33 3.12 1.97 5.31 4.53 1.35 3.16 1.4 2.65 0.0 3.07 4.9 1.93 2.52 2.03 4.53 1.31 4.1 3.09 5.55 3.76 2.83 6.09 5.95 2.99 4.93 3.01 4.37 6.33 4.76 4.99 5.41 6.41 5.04 5.12 3.03 1.45
1.25 4.49 1.97 3.56 1.13 2.34 1.82 4.03 3.36 2.48 1.88 2.54 2.52 2.61 0.0 3.74 1.78 2.37 1.88 3.36 2.28 2.82 2.68 4.38 2.59 1.95 4.93 4.78 1.83 3.7 0.81 3.09 5.06 3.59 3.82 4.14 5.25 3.81 3.89 2.26 2.2
5.27 2.67 3.91 1.58 5.16 3.71 4.82 3.81 1.6 6.06 5.72 6.11 5.11 6.19 5.18 0.0 4.78 6.18 5.69 2.2 6.02 5.55 5.67 2.65 1.59 5.64 3.68 1.09 3.77 6.39 4.84 5.03 4.83 2.62 2.81 4.23 2.2 6.5 6.58 3.62 6.02
2.63 4.47 1.67 3.55 2.51 1.43 0.28 5.41 3.35 3.41 3.26 3.47 2.0 3.54 2.54 3.72 0.0 3.53 3.04 3.35 3.38 4.19 4.1 4.37 2.58 3.47 4.91 4.77 1.53 5.08 2.19 4.47 6.44 3.58 3.81 5.52 5.23 5.19 5.27 1.35 3.37
3.66 4.47 4.68 5.71 3.62 4.66 3.51 3.34 5.81 1.51 2.53 1.56 4.19 1.64 3.3 6.37 3.47 0.0 2.26 5.81 1.44 2.32 1.12 5.27 5.3 2.42 5.03 5.92 4.53 2.97 3.3 2.4 4.37 6.3 4.44 3.45 5.74 3.07 3.15 4.57 1.58
1.5 4.48 3.06 4.65 1.47 3.42 2.3 3.36 4.44 1.49 1.21 1.54 2.98 1.62 1.13 4.82 2.26 1.37 0.0 4.44 1.28 2.15 1.61 5.29 3.67 0.88 5.04 5.86 2.91 2.98 1.15 2.42 4.38 4.67 4.46 3.46 5.76 3.09 3.17 3.34 1.21
4.15 2.61 2.79 1.5 4.04 2.59 3.7 3.75 1.26 4.94 4.78 4.99 3.99 5.07 4.06 1.31 3.66 5.06 4.57 0.0 4.9 4.92 5.04 2.51 0.77 5.0 3.06 2.35 2.65 5.77 3.72 4.4 4.78 2.01 1.95 3.82 3.37 5.87 5.95 2.51 4.9
2.29 5.27 3.47 5.06 2.26 3.45 2.3 4.14 4.86 0.45 2.0 0.51 2.99 0.59 1.91 5.24 2.26 1.35 0.86 4.86 0.0 2.94 1.92 5.88 4.09 1.66 5.83 6.28 3.33 3.77 1.93 3.21 5.17 5.09 5.24 4.25 6.54 3.87 3.95 3.37 0.17
2.11 3.75 3.66 4.99 2.08 4.03 2.9 2.63 5.05 2.1 1.82 2.15 3.59 2.23 1.73 5.43 2.86 1.98 1.49 5.05 1.89 0.0 0.88 4.56 4.28 0.15 4.31 5.21 3.52 2.25 1.76 1.69 3.66 5.28 3.73 2.74 5.03 2.36 2.44 3.94 1.82
2.65 5.62 3.96 5.55 2.62 3.93 2.78 4.5 5.35 1.96 2.36 2.01 3.47 2.09 2.27 5.72 2.74 1.84 1.22 5.35 1.75 3.29 0.0 6.36 4.58 2.02 6.19 6.77 3.81 4.12 2.29 3.56 5.53 5.58 5.6 4.61 6.9 4.23 4.31 3.85 1.68
5.62 3.15 4.27 2.17 5.51 4.06 5.17 2.75 2.28 6.41 4.97 6.47 5.46 6.54 5.53 2.25 5.13 6.53 6.04 2.28 6.38 4.8 4.92 0.0 2.73 4.9 3.96 2.04 4.12 5.65 5.19 4.21 2.86 4.12 2.86 3.79 0.93 5.76 5.84 3.98 6.37
4.08 2.8 2.72 1.42 3.97 2.52 3.63 3.94 1.18 4.87 4.71 4.92 3.92 5.0 3.99 1.23 3.59 4.99 4.5 1.29 4.83 5.1 5.22 2.69 0.0 4.93 3.24 2.27 2.58 5.95 3.65 4.58 4.96 1.78 2.13 4.0 3.38 6.06 6.14 2.44 4.83
2.85 3.66 4.55 4.9 2.82 4.64 3.48 2.54 5.01 2.66 1.73 2.71 4.17 2.79 2.97 5.56 3.44 2.54 1.92 5.01 2.45 1.52 0.78 4.46 5.17 0.0 4.22 5.11 4.41 2.16 2.49 1.6 3.56 6.17 3.64 2.64 4.94 2.27 2.35 4.55 2.38
3.46 2.43 5.17 3.67 3.43 5.3 4.99 1.31 3.78 4.16 2.34 4.22 5.68 4.3 3.82 4.33 4.95 4.05 3.43 3.78 3.96 2.17 2.29 3.24 3.97 2.27 0.0 3.88 5.02 3.02 3.11 1.62 2.33 5.53 2.41 1.41 3.71 3.13 3.21 5.22 3.88
5.69 2.32 4.33 2.0 5.58 4.13 5.24 3.46 2.02 6.48 5.29 6.53 5.52 6.61 5.6 1.35 5.2 6.6 6.11 2.62 6.44 5.12 5.24 2.22 2.01 5.22 3.26 0.0 4.19 5.97 5.25 4.6 4.49 3.04 2.39 3.88 2.51 6.08 6.16 4.04 6.43
2.21 4.05 0.18 3.13 2.09 1.71 1.75 4.99 2.93 2.99 2.84 3.05 2.28 3.12 2.12 3.3 1.71 3.11 2.62 2.93 2.96 3.77 3.68 3.95 2.16 3.05 4.49 4.35 0.0 4.66 1.77 4.05 6.02 3.16 3.39 5.1 4.81 4.77 4.85 1.62 2.95
3.92 4.68 5.63 5.92 3.89 5.78 4.63 3.56 6.03 3.81 2.8 3.86 5.32 3.94 4.12 6.58 4.59 3.69 3.07 6.03 3.6 2.59 1.93 5.49 6.22 2.68 5.24 6.13 5.48 0.0 3.57 2.62 4.58 7.24 4.66 3.66 5.96 1.45 1.53 5.7 3.53
1.69 4.67 3.39 4.98 1.65 3.75 2.8 3.55 4.78 1.99 1.4 2.04 3.48 2.12 1.62 5.15 2.75 1.87 1.38 4.78 1.78 2.33 2.18 5.48 4.01 1.46 5.23 6.12 3.24 3.22 0.0 2.61 4.57 5.01 4.65 3.65 5.95 3.33 3.41 3.67 1.71
3.46 2.23 5.17 3.47 3.43 5.1 4.99 1.11 3.58 4.16 2.34 4.22 5.68 4.29 3.82 4.13 4.95 4.05 3.43 3.58 3.96 2.17 2.29 3.03 3.76 2.27 2.79 3.68 5.02 3.02 3.11 0.0 2.13 5.33 2.21 1.21 3.51 3.13 3.21 5.01 3.88
3.85 2.1 5.56 3.77 3.82 5.44 5.38 0.51 3.88 4.55 2.73 4.61 6.07 4.68 4.21 3.26 5.34 4.44 3.82 3.88 4.35 2.56 2.68 2.11 4.11 2.66 3.13 3.05 5.41 3.41 3.5 1.97 0.0 5.32 2.55 1.55 2.58 3.52 3.6 5.36 4.27
4.4 3.1 3.04 1.58 4.28 2.83 3.94 4.24 1.34 5.18 5.03 5.24 4.23 5.32 4.31 1.39 3.9 5.3 4.81 1.94 5.15 5.85 5.87 3.06 1.33 5.24 3.98 2.43 2.89 6.69 3.96 5.32 5.26 0.0 2.87 4.66 3.54 6.8 6.88 2.75 5.14
4.57 1.51 4.05 2.21 4.54 3.84 4.95 2.45 2.32 5.27 3.45 5.33 5.24 5.4 4.93 2.87 4.91 5.16 4.54 2.32 5.07 3.28 3.4 1.91 2.51 3.38 1.42 2.42 3.9 4.13 4.22 2.76 3.47 4.07 0.0 2.18 2.78 4.24 4.32 3.76 4.99
4.78 1.11 4.14 2.3 4.75 3.93 5.04 2.19 2.41 5.48 3.66 5.53 5.33 5.61 5.13 2.96 5.0 5.36 4.75 2.41 5.27 3.49 3.61 2.0 2.6 3.58 1.62 2.52 3.99 4.33 4.42 2.97 3.21 4.16 1.04 0.0 2.87 4.44 4.52 3.85 5.2
5.83 3.35 4.47 2.38 5.71 4.26 5.37 3.64 2.48 6.62 5.86 6.67 5.66 6.75 5.74 2.45 5.33 6.73 6.25 2.48 6.58 5.69 5.81 0.96 2.93 5.78 4.16 2.24 4.32 6.53 5.39 5.09 3.75 4.32 3.06 4.68 0.0 6.64 6.72 4.18 6.57
3.01 3.81 4.4 5.05 2.97 4.37 3.22 2.69 5.16 2.39 1.88 2.45 3.91 2.52 2.71 5.72 3.18 2.28 1.66 5.16 2.19 1.67 0.52 4.62 5.01 1.77 4.38 5.27 4.25 0.48 2.65 1.75 3.72 6.01 3.79 2.8 5.09 0.0 0.4 4.29 2.11
3.98 4.79 5.37 6.03 3.95 5.35 4.19 3.67 6.13 3.37 2.86 3.42 4.88 3.5 3.68 6.69 4.15 3.25 2.63 6.14 3.16 2.65 1.49 5.59 5.99 2.74 5.35 6.24 5.22 0.26 3.62 2.73 4.69 6.99 4.76 3.77 6.07 1.02 0.0 5.26 3.09
2.51 3.43 1.16 2.5 2.4 0.12 2.06 4.57 2.3 3.3 3.15 3.36 2.35 3.43 2.42 2.68 2.02 3.42 2.93 2.3 3.27 4.08 3.99 3.32 1.53 3.36 3.87 3.72 1.01 4.97 2.08 4.36 5.59 2.53 2.76 4.63 4.19 5.08 5.16 0.0 3.26
2.14 5.12 3.33 4.91 2.11 3.3 2.15 4.0 4.71 0.64 1.85 0.69 2.84 0.77 1.76 5.09 2.11 1.2 0.72 4.71 0.43 2.79 1.77 5.73 3.94 1.52 5.68 6.13 3.18 3.62 1.79 3.06 5.02 4.94 5.09 4.1 6.4 3.73 3.81 3.22 0.0
