0.0 0.04 0.18 0.1 0.11 0.11 0.72 0.46 0.88 0.8 0.78 1.32 0.85 0.84 1.31 0.9 1.19 1.06 1.02 1.47 1.52 1.13 1.19 1.17 1.42 1.58 1.45 1.54 1.52 1.56 1.05 1.1 1.13 1.1 0.71 0.9 0.89 1.01 1.05 0.61 0.59 0.6 1.44 1.65 1.58 1.56 1.72 1.69 0.97 1.88 1.93 1.96 0.89 2.18 1.6 0.73 1.95 1.94 1.04 1.18 1.08 1.38 1.62 1.56 1.93 1.48 1.22 1.32 1.19 1.22 1.42 1.82 1.75 1.73 1.27 0.97 1.91 1.15 1.54 2.42 2.4 1.63 2.02 2.69 2.76 1.61 2.56 2.54 2.55 3.08 2.98 3.0 2.18 2.94 2.94 2.34 2.32 2.34 2.19 2.23 1.57
0.04 0.0 0.15 0.11 0.14 0.12 0.72 0.46 0.84 0.77 0.75 1.28 0.82 0.81 1.27 0.87 1.16 1.02 0.99 1.44 1.48 1.09 1.16 1.13 1.39 1.55 1.42 1.51 1.48 1.52 1.01 1.07 1.09 1.07 0.71 0.87 0.86 0.98 1.01 0.62 0.59 0.6 1.4 1.61 1.55 1.53 1.69 1.66 0.94 1.84 1.9 1.92 0.85 2.15 1.57 0.74 1.91 1.91 1.05 1.15 1.05 1.35 1.58 1.53 1.9 1.45 1.18 1.29 1.16 1.18 1.39 1.79 1.71 1.69 1.24 0.94 1.88 1.11 1.5 2.38 2.36 1.6 1.99 2.66 2.72 1.58 2.53 2.51 2.51 3.04 2.95 2.97 2.15 2.91 2.91 2.31 2.29 2.3 2.16 2.2 1.54
0.18 0.15 0.0 0.26 0.29 0.26 0.72 0.61 0.69 0.62 0.6 1.13 0.67 0.66 1.13 0.72 1.01 0.88 0.84 1.29 1.34 0.94 1.01 0.99 1.24 1.4 1.27 1.36 1.34 1.38 0.87 0.92 0.94 0.92 0.83 0.72 0.71 0.83 0.86 0.77 0.74 0.75 1.26 1.47 1.4 1.38 1.54 1.51 0.79 1.7 1.75 1.77 0.71 2.0 1.42 0.6 1.77 1.76 1.14 1.0 0.9 1.2 1.43 1.38 1.75 1.3 1.04 1.14 1.01 1.03 1.24 1.64 1.57 1.54 1.09 0.79 1.73 0.96 1.35 2.24 2.22 1.45 1.84 2.51 2.58 1.43 2.38 2.36 2.36 2.89 2.8 2.82 2.0 2.76 2.76 2.16 2.14 2.15 2.01 2.05 1.39
0.1 0.11 0.26 0.0 0.03 0.01 0.82 0.56 0.95 0.87 0.86 1.39 0.92 0.92 1.38 0.98 1.27 1.13 1.09 1.55 1.59 1.2 1.27 1.24 1.5 1.66 1.53 1.62 1.59 1.63 1.12 1.18 1.2 1.18 0.81 0.98 0.97 1.09 1.12 0.72 0.69 0.7 1.51 1.72 1.66 1.63 1.79 1.77 1.05 1.95 2.01 2.03 0.96 2.26 1.68 0.63 2.02 2.02 1.15 1.26 1.16 1.46 1.69 1.64 2.01 1.56 1.29 1.4 1.27 1.29 1.5 1.9 1.82 1.8 1.35 1.05 1.99 1.22 1.61 2.49 2.47 1.71 2.1 2.77 2.83 1.69 2.64 2.62 2.62 3.15 3.06 3.08 2.26 3.02 3.02 2.41 2.4 2.41 2.27 2.31 1.65
0.11 0.14 0.29 0.03 0.0 0.02 0.81 0.55 0.98 0.9 0.89 1.42 0.95 0.95 1.41 1.01 1.3 1.16 1.12 1.58 1.62 1.23 1.3 1.27 1.53 1.69 1.56 1.64 1.62 1.66 1.15 1.21 1.23 1.21 0.8 1.01 1.0 1.11 1.14 0.7 0.68 0.69 1.54 1.75 1.69 1.66 1.82 1.8 1.08 1.98 2.04 2.06 0.99 2.29 1.71 0.65 2.05 2.04 1.13 1.29 1.19 1.48 1.72 1.67 2.04 1.59 1.32 1.42 1.29 1.32 1.53 1.93 1.85 1.83 1.38 1.08 2.02 1.25 1.64 2.52 2.5 1.74 2.13 2.8 2.86 1.71 2.67 2.65 2.65 3.18 3.09 3.11 2.29 3.04 3.05 2.44 2.43 2.44 2.3 2.34 1.68
0.11 0.12 0.26 0.01 0.02 0.0 0.83 0.57 0.96 0.88 0.87 1.4 0.93 0.92 1.39 0.99 1.28 1.14 1.1 1.55 1.6 1.21 1.28 1.25 1.51 1.66 1.54 1.62 1.6 1.64 1.13 1.19 1.21 1.19 0.82 0.99 0.98 1.09 1.13 0.72 0.7 0.71 1.52 1.73 1.66 1.64 1.8 1.78 1.05 1.96 2.01 2.04 0.97 2.27 1.69 0.63 2.03 2.02 1.15 1.27 1.16 1.46 1.7 1.65 2.01 1.56 1.3 1.4 1.27 1.3 1.51 1.91 1.83 1.81 1.35 1.05 2.0 1.23 1.62 2.5 2.48 1.72 2.11 2.78 2.84 1.69 2.64 2.62 2.63 3.16 3.07 3.08 2.27 3.02 3.02 2.42 2.4 2.42 2.27 2.31 1.66
0.72 0.72 0.72 0.82 0.81 0.83 0.0 0.51 0.45 0.14 0.12 1.11 0.43 0.42 1.11 0.4 0.99 0.86 0.82 1.27 1.32 0.92 0.99 0.97 1.22 1.38 1.25 1.34 1.32 1.36 0.63 0.68 0.7 0.68 0.53 0.48 0.33 0.59 0.48 0.66 0.63 0.64 0.87 1.08 1.02 0.99 1.15 1.13 0.77 1.68 1.73 1.75 0.47 1.98 1.4 0.81 1.75 1.74 0.76 0.76 0.66 0.96 1.19 1.14 1.73 1.06 0.8 0.9 0.77 0.79 1.22 1.62 1.55 1.52 0.85 0.55 1.66 0.72 1.11 2.22 2.2 1.43 1.82 2.27 2.34 1.41 2.36 2.34 2.34 2.87 2.78 2.8 1.98 2.74 2.74 2.14 2.12 2.13 1.99 2.03 1.37
0.46 0.46 0.61 0.56 0.55 0.57 0.51 0.0 0.96 0.64 0.62 1.53 0.93 0.92 1.52 0.91 1.41 1.27 1.23 1.68 1.73 1.34 1.41 1.38 1.64 1.79 1.67 1.75 1.73 1.77 1.13 1.19 1.21 1.19 0.27 0.98 0.72 1.09 0.59 0.15 0.13 0.14 1.1 1.31 1.24 1.22 1.38 1.35 1.18 2.09 2.14 2.17 0.97 2.4 1.82 1.19 2.16 2.15 0.58 1.27 1.16 1.46 1.7 1.65 2.14 1.56 1.3 1.4 1.27 1.3 1.63 2.04 1.96 1.94 1.35 1.05 2.13 1.23 1.62 2.63 2.61 1.85 2.24 2.77 2.84 1.82 2.77 2.75 2.76 3.29 3.2 3.21 2.4 3.15 3.15 2.55 2.53 2.55 2.4 2.44 1.79
0.88 0.84 0.69 0.95 0.98 0.96 0.45 0.96 0.0 0.35 0.34 1.09 0.08 0.07 1.08 0.13 0.97 0.83 0.79 1.24 1.29 0.9 0.97 0.94 1.2 1.35 1.23 1.31 1.29 1.33 0.28 0.33 0.36 0.33 0.76 0.13 0.45 0.24 0.6 0.9 0.9 0.89 0.99 1.2 1.13 1.11 1.27 1.25 0.74 1.65 1.7 1.73 0.12 1.96 1.36 0.78 1.72 1.71 0.88 0.41 0.31 0.61 0.84 0.79 1.7 0.71 0.45 0.55 0.42 0.45 1.2 1.6 1.52 1.5 0.5 0.2 1.32 0.37 0.76 2.19 2.17 1.41 1.8 1.92 1.99 1.38 2.33 2.31 2.32 2.85 2.76 2.77 1.96 2.71 2.71 2.11 2.09 2.11 1.96 2.0 1.35
0.8 0.77 0.62 0.87 0.9 0.88 0.14 0.64 0.35 0.0 0.02 1.01 0.32 0.32 1.0 0.3 0.89 0.75 0.71 1.17 1.21 0.82 0.89 0.86 1.12 1.28 1.15 1.24 1.21 1.25 0.52 0.58 0.6 0.58 0.41 0.38 0.23 0.49 0.38 0.55 0.55 0.54 0.77 0.98 0.91 0.89 1.05 1.03 0.67 1.57 1.63 1.65 0.36 1.88 1.3 0.71 1.64 1.64 0.66 0.66 0.56 0.86 1.09 1.04 1.63 0.96 0.69 0.8 0.67 0.69 1.12 1.52 1.44 1.42 0.75 0.45 1.56 0.62 1.01 2.11 2.09 1.33 1.72 2.17 2.23 1.31 2.26 2.24 2.24 2.77 2.68 2.7 1.88 2.64 2.64 2.03 2.02 2.03 1.89 1.93 1.27
0.78 0.75 0.6 0.86 0.89 0.87 0.12 0.62 0.34 0.02 0.0 1.0 0.31 0.3 0.99 0.28 0.87 0.74 0.7 1.15 1.2 0.8 0.87 0.85 1.1 1.26 1.13 1.22 1.2 1.24 0.51 0.56 0.59 0.56 0.42 0.36 0.21 0.47 0.36 0.56 0.56 0.55 0.76 0.97 0.9 0.88 1.04 1.01 0.65 1.56 1.61 1.64 0.35 1.86 1.28 0.69 1.63 1.62 0.64 0.64 0.54 0.84 1.07 1.02 1.61 0.94 0.68 0.78 0.65 0.68 1.1 1.5 1.43 1.4 0.73 0.43 1.55 0.6 0.99 2.1 2.08 1.31 1.7 2.15 2.22 1.29 2.24 2.22 2.23 2.75 2.66 2.68 1.86 2.62 2.62 2.02 2.0 2.01 1.87 1.91 1.25
1.32 1.28 1.13 1.39 1.42 1.4 1.11 1.53 1.09 1.01 1.0 0.0 1.06 1.05 0.97 1.12 1.31 0.64 0.56 0.15 0.24 0.67 0.84 0.71 1.07 1.34 1.24 0.45 0.43 0.47 1.26 1.32 1.34 1.32 1.42 1.12 1.11 1.22 1.26 1.56 1.56 1.55 1.65 1.86 1.79 1.77 1.93 1.91 0.65 1.42 1.37 1.5 1.1 1.79 0.51 1.22 1.32 1.33 1.54 1.4 1.29 1.59 1.28 1.78 1.54 1.42 1.43 1.53 1.4 1.43 1.03 1.43 1.35 1.33 1.49 1.18 0.82 1.36 1.54 2.02 2.0 1.17 1.63 2.91 2.97 0.52 1.98 1.96 1.97 2.46 1.89 1.91 1.09 2.34 2.35 1.25 1.23 1.3 1.1 1.14 0.48
0.85 0.82 0.67 0.92 0.95 0.93 0.43 0.93 0.08 0.32 0.31 1.06 0.0 0.01 1.05 0.1 0.94 0.8 0.76 1.22 1.26 0.87 0.94 0.91 1.17 1.33 1.2 1.29 1.26 1.3 0.24 0.3 0.32 0.3 0.73 0.1 0.42 0.21 0.57 0.87 0.87 0.86 0.96 1.17 1.11 1.08 1.24 1.22 0.72 1.62 1.68 1.7 0.08 1.93 1.35 0.76 1.69 1.68 0.85 0.38 0.28 0.58 0.81 0.76 1.68 0.68 0.41 0.52 0.39 0.41 1.17 1.57 1.49 1.47 0.47 0.17 1.28 0.34 0.73 2.16 2.14 1.38 1.77 1.89 1.95 1.35 2.31 2.29 2.29 2.82 2.73 2.75 1.93 2.69 2.69 2.08 2.07 2.08 1.94 1.98 1.32
0.84 0.81 0.66 0.92 0.95 0.92 0.42 0.92 0.07 0.32 0.3 1.05 0.01 0.0 1.05 0.09 0.93 0.8 0.76 1.21 1.26 0.86 0.93 0.91 1.16 1.32 1.19 1.28 1.26 1.3 0.24 0.29 0.32 0.29 0.72 0.09 0.41 0.2 0.56 0.86 0.86 0.85 0.96 1.17 1.1 1.08 1.24 1.21 0.71 1.62 1.67 1.69 0.08 1.92 1.34 0.75 1.69 1.68 0.84 0.37 0.27 0.57 0.8 0.75 1.67 0.67 0.41 0.51 0.38 0.41 1.16 1.56 1.49 1.46 0.46 0.16 1.28 0.33 0.73 2.16 2.14 1.37 1.76 1.88 1.95 1.35 2.3 2.28 2.28 2.81 2.72 2.74 1.92 2.68 2.68 2.08 2.06 2.07 1.93 1.97 1.31
1.31 1.27 1.13 1.38 1.41 1.39 1.11 1.52 1.08 1.0 0.99 0.97 1.05 1.05 0.0 1.11 0.54 0.38 0.42 1.13 1.16 0.5 0.45 0.6 0.68 0.39 0.28 1.26 1.23 1.27 1.25 1.31 1.33 1.31 1.41 1.11 1.1 1.21 1.25 1.55 1.55 1.54 1.64 1.85 1.78 1.76 1.92 1.9 0.34 1.31 1.36 1.24 1.09 1.05 1.32 1.22 1.38 1.37 1.53 1.39 1.29 1.58 1.82 1.77 1.19 1.69 1.42 1.52 1.39 1.42 0.68 1.08 1.01 0.98 1.48 1.18 1.63 1.35 1.74 1.32 1.3 1.07 1.28 2.9 2.96 1.33 1.99 1.97 1.98 2.51 2.48 2.47 1.9 2.37 2.37 2.05 2.04 1.93 1.91 1.95 1.29
0.9 0.87 0.72 0.98 1.01 0.99 0.4 0.91 0.13 0.3 0.28 1.12 0.1 0.09 1.11 0.0 0.99 0.86 0.82 1.27 1.32 0.93 0.99 0.97 1.22 1.38 1.25 1.34 1.32 1.36 0.27 0.33 0.35 0.33 0.71 0.13 0.39 0.26 0.55 0.85 0.85 0.84 0.94 1.15 1.08 1.06 1.22 1.2 0.77 1.68 1.73 1.76 0.14 1.98 1.4 0.81 1.75 1.74 0.83 0.44 0.33 0.63 0.87 0.82 1.73 0.73 0.47 0.57 0.44 0.47 1.22 1.62 1.55 1.53 0.52 0.22 1.34 0.4 0.79 2.22 2.2 1.43 1.83 1.95 2.01 1.41 2.36 2.34 2.35 2.88 2.78 2.8 1.98 2.74 2.74 2.14 2.12 2.14 1.99 2.03 1.37
1.19 1.16 1.01 1.27 1.3 1.28 0.99 1.41 0.97 0.89 0.87 1.31 0.94 0.93 0.54 0.99 0.0 0.88 0.91 1.46 1.51 1.01 0.96 1.11 0.87 0.42 0.29 1.53 1.51 1.55 1.14 1.19 1.22 1.19 1.29 0.99 0.98 1.1 1.14 1.43 1.44 1.42 1.53 1.74 1.67 1.65 1.81 1.78 0.83 1.82 1.87 1.75 0.98 1.08 1.59 1.1 1.89 1.88 1.42 1.27 1.17 1.47 1.71 1.65 1.26 1.57 1.31 1.41 1.28 1.31 1.19 1.59 1.51 1.48 1.36 1.06 1.9 1.23 1.63 1.35 1.33 1.58 1.65 2.78 2.85 1.6 2.5 2.48 2.49 3.02 2.97 2.98 2.17 2.88 2.88 2.33 2.31 2.33 2.18 2.22 1.56
1.06 1.02 0.88 1.13 1.16 1.14 0.86 1.27 0.83 0.75 0.74 0.64 0.8 0.8 0.38 0.86 0.88 0.0 0.09 0.8 0.83 0.15 0.2 0.25 0.43 0.71 0.64 0.92 0.9 0.94 1.0 1.06 1.08 1.06 1.16 0.86 0.85 0.96 1.0 1.3 1.3 1.29 1.39 1.6 1.54 1.51 1.67 1.65 0.09 0.96 1.02 0.97 0.84 1.18 0.99 0.97 1.03 1.03 1.28 1.14 1.04 1.34 1.57 1.52 0.92 1.44 1.17 1.27 1.14 1.17 0.41 0.82 0.74 0.72 1.23 0.93 1.3 1.1 1.49 1.41 1.39 0.72 1.02 2.65 2.71 0.99 1.65 1.63 1.63 2.16 2.14 2.13 1.57 2.03 2.03 1.72 1.7 1.6 1.57 1.61 0.96
1.02 0.99 0.84 1.09 1.12 1.1 0.82 1.23 0.79 0.71 0.7 0.56 0.76 0.76 0.42 0.82 0.91 0.09 0.0 0.72 0.75 0.13 0.28 0.23 0.51 0.78 0.68 0.84 0.82 0.86 0.96 1.02 1.04 1.02 1.12 0.82 0.81 0.93 0.96 1.26 1.26 1.25 1.35 1.56 1.5 1.47 1.63 1.61 0.11 0.95 1.0 1.02 0.8 1.27 0.91 0.93 1.02 1.01 1.24 1.1 1.0 1.3 1.53 1.48 1.01 1.4 1.13 1.24 1.11 1.13 0.5 0.91 0.83 0.81 1.19 0.89 1.22 1.06 1.45 1.5 1.48 0.7 1.11 2.61 2.67 0.91 1.63 1.61 1.61 2.14 2.12 2.11 1.49 2.01 2.01 1.64 1.63 1.52 1.5 1.54 0.88
1.47 1.44 1.29 1.55 1.58 1.55 1.27 1.68 1.24 1.17 1.15 0.15 1.22 1.21 1.13 1.27 1.46 0.8 0.72 0.0 0.09 0.82 0.99 0.87 1.22 1.49 1.39 0.46 0.44 0.48 1.42 1.47 1.49 1.47 1.57 1.27 1.26 1.38 1.41 1.71 1.71 1.7 1.81 2.02 1.95 1.93 2.09 2.06 0.81 1.36 1.32 1.44 1.25 1.95 0.66 1.38 1.26 1.27 1.69 1.55 1.45 1.75 1.3 1.92 1.69 1.44 1.59 1.62 1.56 1.58 1.18 1.58 1.51 1.49 1.58 1.34 0.84 1.51 1.56 2.16 2.14 1.11 1.76 3.06 3.12 0.53 1.93 1.91 1.91 2.44 1.91 1.92 1.11 2.28 2.31 1.26 1.24 1.31 1.11 1.15 0.5
1.52 1.48 1.34 1.59 1.62 1.6 1.32 1.73 1.29 1.21 1.2 0.24 1.26 1.26 1.16 1.32 1.51 0.83 0.75 0.09 0.0 0.86 1.03 0.9 1.26 1.53 1.43 0.38 0.36 0.4 1.46 1.52 1.54 1.52 1.62 1.32 1.31 1.42 1.46 1.76 1.76 1.75 1.85 2.06 1.99 1.97 2.13 2.11 0.84 1.36 1.31 1.44 1.3 1.98 0.64 1.43 1.25 1.26 1.74 1.6 1.5 1.79 1.21 1.83 1.73 1.35 1.58 1.53 1.6 1.57 1.22 1.62 1.54 1.52 1.5 1.39 0.75 1.56 1.48 2.15 2.13 1.11 1.76 3.11 3.17 0.45 1.92 1.9 1.91 2.39 1.82 1.84 1.02 2.27 2.28 1.18 1.16 1.23 1.03 1.07 0.41
1.13 1.09 0.94 1.2 1.23 1.21 0.92 1.34 0.9 0.82 0.8 0.67 0.87 0.86 0.5 0.93 1.01 0.15 0.13 0.82 0.86 0.0 0.17 0.1 0.4 0.7 0.76 0.95 0.93 0.97 1.07 1.13 1.15 1.13 1.23 0.92 0.91 1.03 1.07 1.37 1.37 1.36 1.46 1.67 1.6 1.58 1.74 1.72 0.24 0.81 0.87 0.89 0.91 1.14 1.01 1.03 0.88 0.88 1.35 1.21 1.1 1.4 1.64 1.59 0.89 1.5 1.24 1.34 1.21 1.24 0.38 0.78 0.71 0.68 1.29 0.99 1.32 1.17 1.56 1.38 1.36 0.57 0.98 2.71 2.78 1.02 1.5 1.48 1.48 2.01 1.99 1.98 1.59 1.88 1.88 1.75 1.73 1.56 1.6 1.64 0.98
1.19 1.16 1.01 1.27 1.3 1.28 0.99 1.41 0.97 0.89 0.87 0.84 0.94 0.93 0.45 0.99 0.96 0.2 0.28 0.99 1.03 0.17 0.0 0.15 0.23 0.62 0.71 1.12 1.1 1.14 1.14 1.19 1.22 1.19 1.29 0.99 0.98 1.1 1.13 1.43 1.44 1.42 1.53 1.74 1.67 1.65 1.81 1.78 0.22 0.86 0.91 0.79 0.98 0.99 1.18 1.1 0.93 0.92 1.41 1.27 1.17 1.47 1.7 1.65 0.74 1.57 1.31 1.41 1.28 1.31 0.23 0.63 0.56 0.53 1.36 1.06 1.49 1.23 1.62 1.23 1.21 0.61 0.83 2.78 2.85 1.19 1.54 1.52 1.53 2.06 2.03 2.02 1.76 1.92 1.92 1.92 1.9 1.6 1.76 1.79 1.15
1.17 1.13 0.99 1.24 1.27 1.25 0.97 1.38 0.94 0.86 0.85 0.71 0.91 0.91 0.6 0.97 1.11 0.25 0.23 0.87 0.9 0.1 0.15 0.0 0.38 0.77 0.86 0.99 0.97 1.01 1.11 1.17 1.19 1.17 1.27 0.97 0.96 1.07 1.11 1.41 1.41 1.4 1.5 1.71 1.64 1.62 1.78 1.76 0.34 0.71 0.76 0.79 0.95 1.08 1.06 1.08 0.78 0.77 1.39 1.25 1.15 1.44 1.68 1.63 0.83 1.55 1.28 1.38 1.25 1.28 0.32 0.72 0.64 0.62 1.34 1.04 1.37 1.21 1.6 1.31 1.29 0.47 0.92 2.76 2.82 1.06 1.39 1.37 1.38 1.91 1.89 1.87 1.64 1.77 1.77 1.79 1.77 1.45 1.62 1.65 1.03
1.42 1.39 1.24 1.5 1.53 1.51 1.22 1.64 1.2 1.12 1.1 1.07 1.17 1.16 0.68 1.22 0.87 0.43 0.51 1.22 1.26 0.4 0.23 0.38 0.0 0.46 0.58 1.35 1.33 1.37 1.37 1.42 1.45 1.42 1.52 1.22 1.21 1.33 1.36 1.66 1.67 1.65 1.76 1.97 1.9 1.88 2.04 2.01 0.45 1.08 1.14 1.0 1.21 0.88 1.41 1.33 1.15 1.15 1.65 1.5 1.4 1.7 1.93 1.88 0.84 1.8 1.54 1.64 1.51 1.54 0.36 0.76 0.68 0.64 1.59 1.29 1.72 1.46 1.86 1.12 1.1 0.84 0.94 3.01 3.08 1.42 1.77 1.75 1.75 2.28 2.26 2.25 1.99 2.15 2.15 2.15 2.13 1.83 1.99 2.02 1.38
1.58 1.55 1.4 1.66 1.69 1.66 1.38 1.79 1.35 1.28 1.26 1.34 1.33 1.32 0.39 1.38 0.42 0.71 0.78 1.49 1.53 0.7 0.62 0.77 0.46 0.0 0.14 1.62 1.6 1.64 1.53 1.58 1.6 1.58 1.68 1.38 1.37 1.49 1.52 1.82 1.82 1.81 1.92 2.13 2.06 2.04 2.2 2.17 0.7 1.48 1.54 1.41 1.37 0.67 1.68 1.49 1.55 1.54 1.8 1.66 1.56 1.86 2.09 2.04 0.85 1.96 1.7 1.8 1.67 1.69 0.82 1.18 1.09 1.06 1.75 1.45 1.99 1.62 2.01 0.94 0.92 1.24 1.24 3.17 3.24 1.69 2.17 2.14 2.15 2.68 2.66 2.64 2.26 2.54 2.55 2.42 2.4 2.22 2.27 2.31 1.65
1.45 1.42 1.27 1.53 1.56 1.54 1.25 1.67 1.23 1.15 1.13 1.24 1.2 1.19 0.28 1.25 0.29 0.64 0.68 1.39 1.43 0.76 0.71 0.86 0.58 0.14 0.0 1.52 1.5 1.54 1.4 1.46 1.48 1.45 1.56 1.25 1.24 1.36 1.4 1.7 1.7 1.69 1.79 2.0 1.93 1.91 2.07 2.04 0.6 1.57 1.63 1.5 1.24 0.79 1.58 1.36 1.64 1.63 1.68 1.53 1.43 1.73 1.97 1.91 0.97 1.83 1.57 1.67 1.54 1.57 0.94 1.3 1.21 1.18 1.62 1.32 1.89 1.5 1.89 1.05 1.03 1.33 1.36 3.04 3.11 1.59 2.26 2.24 2.24 2.77 2.75 2.73 2.16 2.63 2.64 2.32 2.3 2.19 2.17 2.21 1.55
1.54 1.51 1.36 1.62 1.64 1.62 1.34 1.75 1.31 1.24 1.22 0.45 1.29 1.28 1.26 1.34 1.53 0.92 0.84 0.46 0.38 0.95 1.12 0.99 1.35 1.62 1.52 0.0 0.02 0.02 1.48 1.54 1.56 1.54 1.64 1.34 1.33 1.45 1.48 1.78 1.78 1.77 1.87 2.08 2.02 2.0 2.16 2.13 0.93 1.3 1.23 1.38 1.32 2.07 0.47 1.45 1.17 1.18 1.76 1.62 1.52 1.82 0.89 1.51 1.82 1.03 1.26 1.21 1.42 1.25 1.31 1.71 1.64 1.61 1.18 1.41 0.43 1.58 1.16 2.09 2.07 1.11 1.7 3.13 3.19 0.19 1.84 1.82 1.82 2.03 1.46 1.48 0.66 1.91 1.93 0.82 0.8 0.87 0.67 0.71 0.05
1.52 1.48 1.34 1.59 1.62 1.6 1.32 1.73 1.29 1.21 1.2 0.43 1.26 1.26 1.23 1.32 1.51 0.9 0.82 0.44 0.36 0.93 1.1 0.97 1.33 1.6 1.5 0.02 0.0 0.04 1.46 1.52 1.54 1.52 1.62 1.32 1.31 1.42 1.46 1.76 1.76 1.75 1.85 2.06 1.99 1.97 2.13 2.11 0.91 1.29 1.21 1.37 1.3 2.05 0.45 1.43 1.16 1.17 1.74 1.6 1.5 1.79 0.92 1.53 1.8 1.06 1.28 1.24 1.44 1.27 1.29 1.69 1.61 1.59 1.2 1.39 0.46 1.56 1.18 2.08 2.06 1.09 1.69 3.11 3.17 0.17 1.82 1.8 1.81 2.06 1.49 1.5 0.69 1.93 1.95 0.84 0.82 0.89 0.69 0.73 0.08
1.56 1.52 1.38 1.63 1.66 1.64 1.36 1.77 1.33 1.25 1.24 0.47 1.3 1.3 1.27 1.36 1.55 0.94 0.86 0.48 0.4 0.97 1.14 1.01 1.37 1.64 1.54 0.02 0.04 0.0 1.5 1.56 1.58 1.56 1.66 1.36 1.35 1.46 1.5 1.8 1.8 1.79 1.89 2.1 2.03 2.01 2.17 2.15 0.95 1.28 1.21 1.36 1.34 2.09 0.49 1.47 1.15 1.16 1.78 1.64 1.54 1.83 0.91 1.53 1.84 1.05 1.28 1.23 1.43 1.26 1.33 1.73 1.65 1.63 1.2 1.43 0.45 1.6 1.17 2.07 2.06 1.13 1.68 3.15 3.21 0.21 1.82 1.8 1.8 2.04 1.47 1.49 0.67 1.91 1.93 0.82 0.82 0.87 0.68 0.72 0.07
1.05 1.01 0.87 1.12 1.15 1.13 0.63 1.13 0.28 0.52 0.51 1.26 0.24 0.24 1.25 0.27 1.14 1.0 0.96 1.42 1.46 1.07 1.14 1.11 1.37 1.53 1.4 1.48 1.46 1.5 0.0 0.19 0.22 0.19 0.93 0.19 0.62 0.33 0.77 1.07 1.07 1.06 1.16 1.37 1.31 1.28 1.44 1.42 0.92 1.82 1.88 1.9 0.28 2.13 1.55 0.96 1.89 1.88 1.05 0.58 0.48 0.77 1.01 0.96 1.88 0.88 0.61 0.71 0.58 0.61 1.37 1.77 1.69 1.67 0.67 0.37 1.48 0.54 0.93 2.36 2.34 1.58 1.97 2.09 2.15 1.55 2.51 2.49 2.49 3.02 2.93 2.95 2.13 2.88 2.89 2.28 2.27 2.28 2.14 2.18 1.52
1.1 1.07 0.92 1.18 1.21 1.19 0.68 1.19 0.33 0.58 0.56 1.32 0.3 0.29 1.31 0.33 1.19 1.06 1.02 1.47 1.52 1.13 1.19 1.17 1.42 1.58 1.46 1.54 1.52 1.56 0.19 0.0 0.02 0.01 0.99 0.25 0.67 0.38 0.83 1.13 1.13 1.12 1.22 1.43 1.36 1.34 1.5 1.47 0.97 1.88 1.93 1.96 0.34 2.19 1.6 1.01 1.95 1.94 1.11 0.63 0.53 0.83 1.07 1.01 1.93 0.93 0.67 0.77 0.64 0.67 1.42 1.82 1.75 1.73 0.72 0.42 1.54 0.59 0.99 2.42 2.4 1.63 2.03 2.14 2.21 1.61 2.56 2.54 2.55 3.08 2.98 3.0 2.18 2.94 2.94 2.34 2.32 2.34 2.19 2.23 1.57
1.13 1.09 0.94 1.2 1.23 1.21 0.7 1.21 0.36 0.6 0.59 1.34 0.32 0.32 1.33 0.35 1.22 1.08 1.04 1.49 1.54 1.15 1.22 1.19 1.45 1.6 1.48 1.56 1.54 1.58 0.22 0.02 0.0 0.03 1.01 0.27 0.7 0.4 0.85 1.15 1.15 1.14 1.24 1.45 1.38 1.36 1.52 1.5 0.99 1.9 1.95 1.98 0.36 2.21 1.63 1.03 1.97 1.96 1.13 0.66 0.55 0.85 1.09 1.04 1.95 0.95 0.69 0.79 0.66 0.69 1.45 1.85 1.77 1.75 0.74 0.44 1.56 0.62 1.01 2.44 2.42 1.66 2.05 2.16 2.23 1.63 2.58 2.56 2.57 3.1 3.01 3.02 2.21 2.96 2.96 2.36 2.34 2.36 2.21 2.25 1.6
1.1 1.07 0.92 1.18 1.21 1.19 0.68 1.19 0.33 0.58 0.56 1.32 0.3 0.29 1.31 0.33 1.19 1.06 1.02 1.47 1.52 1.13 1.19 1.17 1.42 1.58 1.45 1.54 1.52 1.56 0.19 0.01 0.03 0.0 0.99 0.25 0.67 0.38 0.83 1.13 1.13 1.12 1.22 1.43 1.36 1.34 1.5 1.47 0.97 1.88 1.93 1.96 0.34 2.18 1.6 1.01 1.95 1.94 1.11 0.63 0.53 0.83 1.07 1.01 1.93 0.93 0.67 0.77 0.64 0.67 1.42 1.82 1.75 1.73 0.72 0.42 1.54 0.59 0.99 2.42 2.4 1.63 2.03 2.14 2.21 1.61 2.56 2.54 2.55 3.08 2.98 3.0 2.18 2.94 2.94 2.34 2.32 2.34 2.19 2.23 1.57
0.71 0.71 0.83 0.81 0.8 0.82 0.53 0.27 0.76 0.41 0.42 1.42 0.73 0.72 1.41 0.71 1.29 1.16 1.12 1.57 1.62 1.23 1.29 1.27 1.52 1.68 1.56 1.64 1.62 1.66 0.93 0.99 1.01 0.99 0.0 0.78 0.45 0.89 0.57 0.14 0.14 0.13 1.06 1.27 1.2 1.18 1.35 1.32 1.07 1.98 2.03 2.06 0.77 2.29 1.71 1.11 2.05 2.04 0.57 1.07 0.96 1.26 1.5 1.45 2.03 1.36 1.1 1.2 1.07 1.1 1.52 1.93 1.85 1.83 1.15 0.85 1.97 1.03 1.42 2.52 2.5 1.74 2.13 2.57 2.64 1.71 2.66 2.64 2.65 3.18 3.08 3.1 2.28 3.04 3.04 2.44 2.42 2.44 2.29 2.33 1.67
0.9 0.87 0.72 0.98 1.01 0.99 0.48 0.98 0.13 0.38 0.36 1.12 0.1 0.09 1.11 0.13 0.99 0.86 0.82 1.27 1.32 0.92 0.99 0.97 1.22 1.38 1.25 1.34 1.32 1.36 0.19 0.25 0.27 0.25 0.78 0.0 0.47 0.18 0.62 0.92 0.93 0.91 1.02 1.23 1.16 1.14 1.3 1.27 0.77 1.68 1.73 1.76 0.14 1.98 1.4 0.81 1.75 1.74 0.9 0.43 0.33 0.63 0.86 0.81 1.73 0.73 0.47 0.57 0.44 0.46 1.22 1.62 1.55 1.52 0.52 0.22 1.33 0.39 0.78 2.22 2.2 1.43 1.82 1.94 2.01 1.41 2.36 2.34 2.35 2.87 2.78 2.8 1.98 2.74 2.74 2.14 2.12 2.13 1.99 2.03 1.37
0.89 0.86 0.71 0.97 1.0 0.98 0.33 0.72 0.45 0.23 0.21 1.11 0.42 0.41 1.1 0.39 0.98 0.85 0.81 1.26 1.31 0.91 0.98 0.96 1.21 1.37 1.24 1.33 1.31 1.35 0.62 0.67 0.7 0.67 0.45 0.47 0.0 0.58 0.38 0.59 0.59 0.58 0.78 0.99 0.92 0.9 1.06 1.04 0.76 1.67 1.72 1.75 0.46 1.97 1.39 0.8 1.74 1.73 0.44 0.75 0.65 0.95 1.18 1.13 1.72 1.05 0.79 0.89 0.76 0.79 1.21 1.61 1.54 1.51 0.84 0.54 1.66 0.71 1.1 2.21 2.19 1.42 1.81 2.26 2.33 1.4 2.35 2.33 2.33 2.86 2.77 2.79 1.97 2.73 2.73 2.13 2.11 2.12 1.98 2.02 1.36
1.01 0.98 0.83 1.09 1.11 1.09 0.59 1.09 0.24 0.49 0.47 1.22 0.21 0.2 1.21 0.26 1.1 0.96 0.93 1.38 1.42 1.03 1.1 1.07 1.33 1.49 1.36 1.45 1.42 1.46 0.33 0.38 0.4 0.38 0.89 0.18 0.58 0.0 0.73 1.03 1.03 1.02 1.12 1.34 1.27 1.25 1.41 1.38 0.88 1.78 1.84 1.86 0.25 2.09 1.51 0.92 1.85 1.85 1.01 0.54 0.44 0.74 0.97 0.92 1.84 0.84 0.57 0.68 0.55 0.57 1.33 1.73 1.65 1.63 0.63 0.33 1.44 0.44 0.89 2.32 2.3 1.54 1.93 1.91 1.97 1.52 2.47 2.45 2.45 2.98 2.89 2.91 2.09 2.85 2.85 2.25 2.23 2.24 2.1 2.14 1.48
1.05 1.01 0.86 1.12 1.14 1.13 0.48 0.59 0.6 0.38 0.36 1.26 0.57 0.56 1.25 0.55 1.14 1.0 0.96 1.41 1.46 1.07 1.13 1.11 1.36 1.52 1.4 1.48 1.46 1.5 0.77 0.83 0.85 0.83 0.57 0.62 0.38 0.73 0.0 0.45 0.46 0.47 0.52 0.73 0.66 0.64 0.8 0.77 0.91 1.82 1.87 1.9 0.61 2.13 1.55 0.95 1.89 1.88 0.28 0.91 0.8 1.1 1.34 1.29 1.87 1.2 0.94 1.04 0.91 0.94 1.36 1.77 1.69 1.67 0.99 0.69 1.81 0.87 1.26 2.36 2.34 1.58 1.97 2.41 2.48 1.55 2.5 2.48 2.49 3.02 2.93 2.94 2.12 2.88 2.88 2.28 2.26 2.28 2.13 2.17 1.51
0.61 0.62 0.77 0.72 0.7 0.72 0.66 0.15 0.9 0.55 0.56 1.56 0.87 0.86 1.55 0.85 1.43 1.3 1.26 1.71 1.76 1.37 1.43 1.41 1.66 1.82 1.7 1.78 1.76 1.8 1.07 1.13 1.15 1.13 0.14 0.92 0.59 1.03 0.45 0.0 0.03 0.04 0.97 1.18 1.11 1.09 1.25 1.22 1.21 2.12 2.17 2.2 0.91 2.43 1.85 1.25 2.19 2.18 0.43 1.21 1.1 1.4 1.64 1.59 2.17 1.5 1.24 1.34 1.21 1.24 1.66 2.07 1.99 1.97 1.29 0.99 2.11 1.17 1.56 2.66 2.64 1.88 2.27 2.71 2.78 1.85 2.8 2.78 2.79 3.32 3.22 3.24 2.42 3.18 3.18 2.58 2.56 2.58 2.43 2.47 1.81
0.59 0.59 0.74 0.69 0.68 0.7 0.63 0.13 0.9 0.55 0.56 1.56 0.87 0.86 1.55 0.85 1.44 1.3 1.26 1.71 1.76 1.37 1.44 1.41 1.67 1.82 1.7 1.78 1.76 1.8 1.07 1.13 1.15 1.13 0.14 0.93 0.59 1.03 0.46 0.03 0.0 0.01 0.97 1.18 1.11 1.09 1.26 1.23 1.21 2.12 2.17 2.2 0.91 2.43 1.85 1.25 2.19 2.18 0.45 1.21 1.1 1.4 1.64 1.59 2.17 1.5 1.24 1.34 1.21 1.24 1.67 2.07 1.99 1.97 1.29 0.99 2.11 1.17 1.56 2.66 2.64 1.88 2.27 2.72 2.78 1.85 2.8 2.78 2.79 3.32 3.23 3.24 2.43 3.18 3.18 2.58 2.56 2.58 2.43 2.47 1.82
0.6 0.6 0.75 0.7 0.69 0.71 0.64 0.14 0.89 0.54 0.55 1.55 0.86 0.85 1.54 0.84 1.42 1.29 1.25 1.7 1.75 1.36 1.42 1.4 1.65 1.81 1.69 1.77 1.75 1.79 1.06 1.12 1.14 1.12 0.13 0.91 0.58 1.02 0.47 0.04 0.01 0.0 0.96 1.17 1.1 1.08 1.24 1.22 1.2 2.11 2.16 2.19 0.9 2.42 1.84 1.24 2.18 2.17 0.46 1.2 1.09 1.39 1.63 1.57 2.16 1.49 1.23 1.33 1.2 1.23 1.65 2.05 1.98 1.96 1.28 0.98 2.1 1.16 1.55 2.65 2.63 1.86 2.26 2.7 2.77 1.84 2.79 2.77 2.78 3.31 3.21 3.23 2.41 3.17 3.17 2.57 2.55 2.57 2.42 2.46 1.8
1.44 1.4 1.26 1.51 1.54 1.52 0.87 1.1 0.99 0.77 0.76 1.65 0.96 0.96 1.64 0.94 1.53 1.39 1.35 1.81 1.85 1.46 1.53 1.5 1.76 1.92 1.79 1.87 1.85 1.89 1.16 1.22 1.24 1.22 1.06 1.02 0.78 1.12 0.52 0.97 0.97 0.96 0.0 0.25 0.15 0.13 0.29 0.27 1.31 2.21 2.27 2.29 1.0 2.52 1.94 1.35 2.28 2.27 0.8 1.3 1.2 1.5 1.73 1.68 2.27 1.6 1.33 1.43 1.3 1.33 1.76 2.16 2.08 2.06 1.39 1.09 2.2 1.26 1.65 2.75 2.73 1.97 2.36 2.81 2.87 1.94 2.9 2.88 2.88 3.41 3.32 3.34 2.52 3.27 3.28 2.67 2.66 2.67 2.53 2.57 1.91
1.65 1.61 1.47 1.72 1.75 1.73 1.08 1.31 1.2 0.98 0.97 1.86 1.17 1.17 1.85 1.15 1.74 1.6 1.56 2.02 2.06 1.67 1.74 1.71 1.97 2.13 2.0 2.08 2.06 2.1 1.37 1.43 1.45 1.43 1.27 1.23 0.99 1.34 0.73 1.18 1.18 1.17 0.25 0.0 0.37 0.35 0.5 0.48 1.52 2.42 2.48 2.5 1.21 2.73 2.15 1.56 2.49 2.48 1.01 1.51 1.41 1.71 1.94 1.89 2.48 1.81 1.54 1.64 1.51 1.54 1.97 2.37 2.29 2.27 1.6 1.3 2.41 1.47 1.86 2.96 2.94 2.18 2.57 3.02 3.08 2.15 3.11 3.09 3.09 3.62 3.53 3.55 2.73 3.49 3.49 2.88 2.87 2.88 2.74 2.78 2.12
1.58 1.55 1.4 1.66 1.69 1.66 1.02 1.24 1.13 0.91 0.9 1.79 1.11 1.1 1.78 1.08 1.67 1.54 1.5 1.95 1.99 1.6 1.67 1.64 1.9 2.06 1.93 2.02 1.99 2.03 1.31 1.36 1.38 1.36 1.2 1.16 0.92 1.27 0.66 1.11 1.11 1.1 0.15 0.37 0.0 0.02 0.16 0.14 1.45 2.36 2.41 2.43 1.14 2.66 2.08 1.49 2.43 2.42 0.94 1.44 1.34 1.64 1.87 1.82 2.41 1.74 1.48 1.58 1.45 1.47 1.9 2.3 2.23 2.2 1.53 1.23 2.34 1.4 1.79 2.9 2.88 2.11 2.5 2.95 3.02 2.09 3.04 3.02 3.02 3.55 3.46 3.48 2.66 3.42 3.42 2.82 2.8 2.81 2.67 2.71 2.05
1.56 1.53 1.38 1.63 1.66 1.64 0.99 1.22 1.11 0.89 0.88 1.77 1.08 1.08 1.76 1.06 1.65 1.51 1.47 1.93 1.97 1.58 1.65 1.62 1.88 2.04 1.91 2.0 1.97 2.01 1.28 1.34 1.36 1.34 1.18 1.14 0.9 1.25 0.64 1.09 1.09 1.08 0.13 0.35 0.02 0.0 0.17 0.14 1.43 2.33 2.39 2.41 1.12 2.64 2.06 1.47 2.4 2.39 0.92 1.42 1.32 1.62 1.85 1.8 2.39 1.72 1.45 1.56 1.42 1.45 1.88 2.28 2.2 2.18 1.51 1.21 2.32 1.38 1.77 2.87 2.85 2.09 2.48 2.93 2.99 2.06 3.02 3.0 3.0 3.53 3.44 3.46 2.64 3.4 3.4 2.79 2.78 2.79 2.65 2.69 2.03
1.72 1.69 1.54 1.79 1.82 1.8 1.15 1.38 1.27 1.05 1.04 1.93 1.24 1.24 1.92 1.22 1.81 1.67 1.63 2.09 2.13 1.74 1.81 1.78 2.04 2.2 2.07 2.16 2.13 2.17 1.44 1.5 1.52 1.5 1.35 1.3 1.06 1.41 0.8 1.25 1.26 1.24 0.29 0.5 0.16 0.17 0.0 0.03 1.59 2.49 2.55 2.57 1.28 2.8 2.22 1.63 2.56 2.55 1.08 1.58 1.48 1.78 2.01 1.96 2.55 1.88 1.61 1.72 1.58 1.61 2.04 2.44 2.36 2.34 1.67 1.37 2.48 1.54 1.93 3.03 3.01 2.25 2.64 3.09 3.15 2.22 3.18 3.16 3.16 3.69 3.6 3.62 2.8 3.56 3.56 2.95 2.94 2.95 2.81 2.85 2.19
1.69 1.66 1.51 1.77 1.8 1.78 1.13 1.35 1.25 1.03 1.01 1.91 1.22 1.21 1.9 1.2 1.78 1.65 1.61 2.06 2.11 1.72 1.78 1.76 2.01 2.17 2.04 2.13 2.11 2.15 1.42 1.47 1.5 1.47 1.32 1.27 1.04 1.38 0.77 1.22 1.23 1.22 0.27 0.48 0.14 0.14 0.03 0.0 1.56 2.47 2.52 2.55 1.26 2.77 2.19 1.6 2.54 2.53 1.06 1.55 1.45 1.75 1.99 1.93 2.52 1.85 1.59 1.69 1.56 1.59 2.01 2.41 2.34 2.31 1.64 1.34 2.46 1.51 1.91 3.01 2.99 2.22 2.61 3.06 3.13 2.2 3.15 3.13 3.14 3.67 3.57 3.59 2.77 3.53 3.53 2.93 2.91 2.92 2.78 2.82 2.16
0.97 0.94 0.79 1.05 1.08 1.05 0.77 1.18 0.74 0.67 0.65 0.65 0.72 0.71 0.34 0.77 0.83 0.09 0.11 0.81 0.84 0.24 0.22 0.34 0.45 0.7 0.6 0.93 0.91 0.95 0.92 0.97 0.99 0.97 1.07 0.77 0.76 0.88 0.91 1.21 1.21 1.2 1.31 1.52 1.45 1.43 1.59 1.56 0.0 1.05 1.11 1.01 0.75 1.21 1.0 0.88 1.12 1.11 1.19 1.05 0.95 1.25 1.48 1.43 0.96 1.35 1.09 1.19 1.06 1.08 0.45 0.85 0.78 0.75 1.14 0.84 1.31 1.01 1.4 1.45 1.43 0.81 1.05 2.56 2.62 1.0 1.74 1.71 1.72 2.25 2.23 2.21 1.58 2.11 2.11 1.73 1.71 1.61 1.59 1.62 0.97
1.88 1.84 1.7 1.95 1.98 1.96 1.68 2.09 1.65 1.57 1.56 1.42 1.62 1.62 1.31 1.68 1.82 0.96 0.95 1.36 1.36 0.81 0.86 0.71 1.08 1.48 1.57 1.3 1.29 1.28 1.82 1.88 1.9 1.88 1.98 1.68 1.67 1.78 1.82 2.12 2.12 2.11 2.21 2.42 2.36 2.33 2.49 2.47 1.05 0.0 0.1 0.11 1.66 0.99 1.58 1.79 0.14 0.12 2.1 1.96 1.86 2.15 2.14 2.34 0.88 2.26 1.99 2.09 1.96 1.99 0.95 0.72 0.63 0.67 2.05 1.75 1.68 1.92 2.31 0.81 0.79 0.26 0.42 3.47 3.53 1.38 0.73 0.7 0.71 1.24 1.23 1.22 1.02 1.1 1.1 1.18 1.19 0.83 0.99 1.02 1.34
1.93 1.9 1.75 2.01 2.04 2.01 1.73 2.14 1.7 1.63 1.61 1.37 1.68 1.67 1.36 1.73 1.87 1.02 1.0 1.32 1.31 0.87 0.91 0.76 1.14 1.54 1.63 1.23 1.21 1.21 1.88 1.93 1.95 1.93 2.03 1.73 1.72 1.84 1.87 2.17 2.17 2.16 2.27 2.48 2.41 2.39 2.55 2.52 1.11 0.1 0.0 0.17 1.72 1.07 1.5 1.84 0.06 0.05 2.15 2.01 1.91 2.21 2.07 2.39 0.95 2.21 2.05 2.15 2.02 2.04 1.02 0.78 0.69 0.73 2.1 1.8 1.61 1.97 2.33 0.89 0.87 0.3 0.49 3.52 3.59 1.31 0.63 0.61 0.61 1.14 1.15 1.14 0.95 1.01 1.01 1.1 1.11 0.75 0.92 0.95 1.27
1.96 1.92 1.77 2.03 2.06 2.04 1.75 2.17 1.73 1.65 1.64 1.5 1.7 1.69 1.24 1.76 1.75 0.97 1.02 1.44 1.44 0.89 0.79 0.79 1.0 1.41 1.5 1.38 1.37 1.36 1.9 1.96 1.98 1.96 2.06 1.76 1.75 1.86 1.9 2.2 2.2 2.19 2.29 2.5 2.43 2.41 2.57 2.55 1.01 0.11 0.17 0.0 1.74 0.89 1.66 1.86 0.22 0.2 2.18 2.04 1.93 2.23 2.22 2.42 0.77 2.33 2.07 2.17 2.04 2.07 0.85 0.61 0.52 0.56 2.13 1.82 1.76 2.0 2.39 0.71 0.69 0.34 0.32 3.55 3.61 1.46 0.8 0.78 0.79 1.32 1.31 1.29 1.1 1.18 1.18 1.26 1.27 0.91 1.07 1.1 1.42
0.89 0.85 0.71 0.96 0.99 0.97 0.47 0.97 0.12 0.36 0.35 1.1 0.08 0.08 1.09 0.14 0.98 0.84 0.8 1.25 1.3 0.91 0.98 0.95 1.21 1.37 1.24 1.32 1.3 1.34 0.28 0.34 0.36 0.34 0.77 0.14 0.46 0.25 0.61 0.91 0.91 0.9 1.0 1.21 1.14 1.12 1.28 1.26 0.75 1.66 1.72 1.74 0.0 1.97 1.28 0.8 1.73 1.72 0.89 0.33 0.22 0.52 0.74 0.69 1.71 0.6 0.34 0.44 0.31 0.34 1.21 1.61 1.53 1.51 0.4 0.11 1.21 0.29 0.66 2.2 2.18 1.42 1.81 1.84 1.9 1.39 2.35 2.32 2.33 2.86 2.73 2.75 1.93 2.72 2.72 2.09 2.07 2.12 1.94 1.98 1.36
2.18 2.15 2.0 2.26 2.29 2.27 1.98 2.4 1.96 1.88 1.86 1.79 1.93 1.92 1.05 1.98 1.08 1.18 1.27 1.95 1.98 1.14 0.99 1.08 0.88 0.67 0.79 2.07 2.05 2.09 2.13 2.19 2.21 2.18 2.29 1.98 1.97 2.09 2.13 2.43 2.43 2.42 2.52 2.73 2.66 2.64 2.8 2.77 1.21 0.99 1.07 0.89 1.97 0.0 2.14 2.09 1.11 1.09 2.41 2.26 2.16 2.46 2.7 2.64 0.25 2.56 2.3 2.4 2.27 2.3 0.76 0.57 0.48 0.46 2.35 2.05 2.45 2.23 2.62 0.28 0.26 1.23 0.58 3.77 3.84 2.14 1.7 1.67 1.68 2.21 2.2 2.19 1.99 2.07 2.07 2.15 2.16 1.8 1.96 1.99 2.11
1.6 1.57 1.42 1.68 1.71 1.69 1.4 1.82 1.36 1.3 1.28 0.51 1.35 1.34 1.32 1.4 1.59 0.99 0.91 0.66 0.64 1.01 1.18 1.06 1.41 1.68 1.58 0.47 0.45 0.49 1.55 1.6 1.63 1.6 1.71 1.4 1.39 1.51 1.55 1.85 1.85 1.84 1.94 2.15 2.08 2.06 2.22 2.19 1.0 1.58 1.5 1.66 1.28 2.14 0.0 1.51 1.45 1.46 1.83 1.57 1.47 1.77 1.3 1.9 1.88 1.44 1.56 1.62 1.53 1.55 1.38 1.78 1.7 1.68 1.59 1.36 0.84 1.54 1.57 2.37 2.35 1.37 1.97 3.08 3.15 0.54 2.11 2.09 2.1 2.48 1.91 1.93 1.11 2.36 2.37 1.27 1.25 1.32 1.12 1.16 0.5
0.73 0.74 0.6 0.63 0.65 0.63 0.81 1.19 0.78 0.71 0.69 1.22 0.76 0.75 1.22 0.81 1.1 0.97 0.93 1.38 1.43 1.03 1.1 1.08 1.33 1.49 1.36 1.45 1.43 1.47 0.96 1.01 1.03 1.01 1.11 0.81 0.8 0.92 0.95 1.25 1.25 1.24 1.35 1.56 1.49 1.47 1.63 1.6 0.88 1.79 1.84 1.86 0.8 2.09 1.51 0.0 1.86 1.85 1.23 1.09 0.99 1.29 1.52 1.47 1.84 1.39 1.13 1.23 1.1 1.12 1.33 1.73 1.66 1.63 1.18 0.88 1.82 1.05 1.44 2.33 2.31 1.54 1.93 2.6 2.67 1.52 2.47 2.45 2.45 2.98 2.89 2.91 2.09 2.85 2.85 2.25 2.23 2.24 2.1 2.14 1.48
1.95 1.91 1.77 2.02 2.05 2.03 1.75 2.16 1.72 1.64 1.63 1.32 1.69 1.69 1.38 1.75 1.89 1.03 1.02 1.26 1.25 0.88 0.93 0.78 1.15 1.55 1.64 1.17 1.16 1.15 1.89 1.95 1.97 1.95 2.05 1.75 1.74 1.85 1.89 2.19 2.19 2.18 2.28 2.49 2.43 2.4 2.56 2.54 1.12 0.14 0.06 0.22 1.73 1.11 1.45 1.86 0.0 0.03 2.17 2.03 1.93 2.22 2.01 2.41 0.99 2.16 2.06 2.16 2.03 2.06 1.06 0.83 0.74 0.78 2.12 1.82 1.55 1.99 2.28 0.93 0.91 0.34 0.54 3.54 3.6 1.25 0.68 0.66 0.66 1.18 1.1 1.09 0.89 1.02 1.05 1.05 1.06 0.7 0.86 0.89 1.21
1.94 1.91 1.76 2.02 2.04 2.02 1.74 2.15 1.71 1.64 1.62 1.33 1.68 1.68 1.37 1.74 1.88 1.03 1.01 1.27 1.26 0.88 0.92 0.77 1.15 1.54 1.63 1.18 1.17 1.16 1.88 1.94 1.96 1.94 2.04 1.74 1.73 1.85 1.88 2.18 2.18 2.17 2.27 2.48 2.42 2.39 2.55 2.53 1.11 0.12 0.05 0.2 1.72 1.09 1.46 1.85 0.03 0.0 2.16 2.02 1.92 2.22 2.02 2.4 0.97 2.16 2.05 2.16 2.03 2.05 1.05 0.81 0.72 0.76 2.11 1.81 1.56 1.98 2.29 0.91 0.89 0.32 0.52 3.53 3.59 1.26 0.66 0.64 0.64 1.17 1.12 1.11 0.9 1.04 1.04 1.06 1.07 0.71 0.87 0.9 1.22
1.04 1.05 1.14 1.15 1.13 1.15 0.76 0.58 0.88 0.66 0.64 1.54 0.85 0.84 1.53 0.83 1.42 1.28 1.24 1.69 1.74 1.35 1.41 1.39 1.65 1.8 1.68 1.76 1.74 1.78 1.05 1.11 1.13 1.11 0.57 0.9 0.44 1.01 0.28 0.43 0.45 0.46 0.8 1.01 0.94 0.92 1.08 1.06 1.19 2.1 2.15 2.18 0.89 2.41 1.83 1.23 2.17 2.16 0.0 1.19 1.08 1.38 1.62 1.57 2.15 1.48 1.22 1.32 1.19 1.22 1.64 2.05 1.97 1.95 1.27 0.97 2.09 1.15 1.54 2.64 2.62 1.86 2.25 2.7 2.76 1.83 2.78 2.76 2.77 3.3 3.21 3.22 2.41 3.16 3.16 2.56 2.54 2.56 2.41 2.45 1.8
1.18 1.15 1.0 1.26 1.29 1.27 0.76 1.27 0.41 0.66 0.64 1.4 0.38 0.37 1.39 0.44 1.27 1.14 1.1 1.55 1.6 1.21 1.27 1.25 1.5 1.66 1.53 1.62 1.6 1.64 0.58 0.63 0.66 0.63 1.07 0.43 0.75 0.54 0.91 1.21 1.21 1.2 1.3 1.51 1.44 1.42 1.58 1.55 1.05 1.96 2.01 2.04 0.33 2.26 1.57 1.09 2.03 2.02 1.19 0.0 0.1 0.2 0.84 0.65 2.01 0.71 0.43 0.54 0.41 0.43 1.5 1.9 1.83 1.81 0.5 0.26 1.31 0.25 0.76 2.5 2.48 1.71 2.11 1.77 1.68 1.56 2.64 2.62 2.63 3.16 2.83 2.85 2.03 3.02 3.02 2.19 2.17 2.24 2.04 2.08 1.64
1.08 1.05 0.9 1.16 1.19 1.16 0.66 1.16 0.31 0.56 0.54 1.29 0.28 0.27 1.29 0.33 1.17 1.04 1.0 1.45 1.5 1.1 1.17 1.15 1.4 1.56 1.43 1.52 1.5 1.54 0.48 0.53 0.55 0.53 0.96 0.33 0.65 0.44 0.8 1.1 1.1 1.09 1.2 1.41 1.34 1.32 1.48 1.45 0.95 1.86 1.91 1.93 0.22 2.16 1.47 0.99 1.93 1.92 1.08 0.1 0.0 0.3 0.84 0.69 1.91 0.71 0.44 0.55 0.4 0.44 1.4 1.8 1.73 1.7 0.5 0.16 1.31 0.15 0.76 2.4 2.38 1.61 2.0 1.7 1.76 1.57 2.54 2.52 2.52 3.05 2.84 2.86 2.04 2.92 2.92 2.19 2.18 2.25 2.05 2.09 1.55
1.38 1.35 1.2 1.46 1.48 1.46 0.96 1.46 0.61 0.86 0.84 1.59 0.58 0.57 1.58 0.63 1.47 1.34 1.3 1.75 1.79 1.4 1.47 1.44 1.7 1.86 1.73 1.82 1.79 1.83 0.77 0.83 0.85 0.83 1.26 0.63 0.95 0.74 1.1 1.4 1.4 1.39 1.5 1.71 1.64 1.62 1.78 1.75 1.25 2.15 2.21 2.23 0.52 2.46 1.77 1.29 2.22 2.22 1.38 0.2 0.3 0.0 1.01 0.83 2.21 0.88 0.61 0.72 0.59 0.61 1.7 2.1 2.02 2.0 0.67 0.45 1.49 0.42 0.93 2.69 2.67 1.91 2.3 1.61 1.52 1.74 2.84 2.82 2.82 3.35 3.01 3.03 2.21 3.22 3.22 2.36 2.35 2.42 2.22 2.26 1.82
1.62 1.58 1.43 1.69 1.72 1.7 1.19 1.7 0.84 1.09 1.07 1.28 0.81 0.8 1.82 0.87 1.71 1.57 1.53 1.3 1.21 1.64 1.7 1.68 1.93 2.09 1.97 0.89 0.92 0.91 1.01 1.07 1.09 1.07 1.5 0.86 1.18 0.97 1.34 1.64 1.64 1.63 1.73 1.94 1.87 1.85 2.01 1.99 1.48 2.14 2.07 2.22 0.74 2.7 1.3 1.52 2.01 2.02 1.62 0.84 0.84 1.01 0.0 0.66 2.44 0.2 0.43 0.38 0.58 0.41 1.93 2.34 2.26 2.24 0.34 0.79 0.53 0.98 0.4 2.93 2.91 1.94 2.54 2.53 2.5 0.78 2.68 2.66 2.66 2.62 2.05 2.07 1.25 2.5 2.51 1.41 1.39 1.46 1.26 1.3 0.86
1.56 1.53 1.38 1.64 1.67 1.65 1.14 1.65 0.79 1.04 1.02 1.78 0.76 0.75 1.77 0.82 1.65 1.52 1.48 1.92 1.83 1.59 1.65 1.63 1.88 2.04 1.91 1.51 1.53 1.53 0.96 1.01 1.04 1.01 1.45 0.81 1.13 0.92 1.29 1.59 1.59 1.57 1.68 1.89 1.82 1.8 1.96 1.93 1.43 2.34 2.39 2.42 0.69 2.64 1.9 1.47 2.41 2.4 1.57 0.65 0.69 0.83 0.66 0.0 2.39 0.5 0.35 0.43 0.53 0.36 1.88 2.28 2.21 2.18 0.43 0.74 1.15 0.84 0.69 2.88 2.86 2.09 2.48 2.39 2.31 1.4 3.02 3.0 3.01 3.24 2.67 2.69 1.87 3.12 3.13 2.03 2.01 2.08 1.88 1.92 1.48
1.93 1.9 1.75 2.01 2.04 2.01 1.73 2.14 1.7 1.63 1.61 1.54 1.68 1.67 1.19 1.73 1.26 0.92 1.01 1.69 1.73 0.89 0.74 0.83 0.84 0.85 0.97 1.82 1.8 1.84 1.88 1.93 1.95 1.93 2.03 1.73 1.72 1.84 1.87 2.17 2.17 2.16 2.27 2.48 2.41 2.39 2.55 2.52 0.96 0.88 0.95 0.77 1.71 0.25 1.88 1.84 0.99 0.97 2.15 2.01 1.91 2.21 2.44 2.39 0.0 2.31 2.05 2.15 2.02 2.04 0.51 0.33 0.25 0.21 2.1 1.8 2.19 1.97 2.36 0.49 0.47 1.09 0.51 3.52 3.58 1.89 1.58 1.56 1.56 2.09 2.08 2.07 1.87 1.95 1.96 2.03 2.04 1.68 1.84 1.87 1.85
1.48 1.45 1.3 1.56 1.59 1.56 1.06 1.56 0.71 0.96 0.94 1.42 0.68 0.67 1.69 0.73 1.57 1.44 1.4 1.44 1.35 1.5 1.57 1.55 1.8 1.96 1.83 1.03 1.06 1.05 0.88 0.93 0.95 0.93 1.36 0.73 1.05 0.84 1.2 1.5 1.5 1.49 1.6 1.81 1.74 1.72 1.88 1.85 1.35 2.26 2.21 2.33 0.6 2.56 1.44 1.39 2.16 2.16 1.48 0.71 0.71 0.88 0.2 0.5 2.31 0.0 0.29 0.23 0.45 0.28 1.8 2.2 2.13 2.1 0.21 0.66 0.67 0.85 0.28 2.8 2.78 2.01 2.4 2.4 2.36 0.92 2.82 2.8 2.81 2.76 2.19 2.21 1.39 2.64 2.66 1.55 1.53 1.6 1.4 1.44 1.0
1.22 1.18 1.04 1.29 1.32 1.3 0.8 1.3 0.45 0.69 0.68 1.43 0.41 0.41 1.42 0.47 1.31 1.17 1.13 1.59 1.58 1.24 1.31 1.28 1.54 1.7 1.57 1.26 1.28 1.28 0.61 0.67 0.69 0.67 1.1 0.47 0.79 0.57 0.94 1.24 1.24 1.23 1.33 1.54 1.48 1.45 1.61 1.59 1.09 1.99 2.05 2.07 0.34 2.3 1.56 1.13 2.06 2.05 1.22 0.43 0.44 0.61 0.43 0.35 2.05 0.29 0.0 0.13 0.18 0.02 1.54 1.94 1.86 1.84 0.08 0.39 0.9 0.58 0.35 2.53 2.51 1.75 2.14 2.13 2.09 1.15 2.68 2.66 2.66 2.99 2.42 2.44 1.62 2.87 2.88 1.78 1.76 1.83 1.63 1.67 1.23
1.32 1.29 1.14 1.4 1.42 1.4 0.9 1.4 0.55 0.8 0.78 1.53 0.52 0.51 1.52 0.57 1.41 1.27 1.24 1.62 1.53 1.34 1.41 1.38 1.64 1.8 1.67 1.21 1.24 1.23 0.71 0.77 0.79 0.77 1.2 0.57 0.89 0.68 1.04 1.34 1.34 1.33 1.43 1.64 1.58 1.56 1.72 1.69 1.19 2.09 2.15 2.17 0.44 2.4 1.62 1.23 2.16 2.16 1.32 0.54 0.55 0.72 0.38 0.43 2.15 0.23 0.13 0.0 0.29 0.12 1.64 2.04 1.96 1.94 0.05 0.5 0.85 0.69 0.3 2.63 2.61 1.85 2.24 2.23 2.2 1.1 2.78 2.76 2.76 2.94 2.37 2.39 1.57 2.82 2.83 1.73 1.71 1.78 1.58 1.62 1.18
1.19 1.16 1.01 1.27 1.29 1.27 0.77 1.27 0.42 0.67 0.65 1.4 0.39 0.38 1.39 0.44 1.28 1.14 1.11 1.56 1.6 1.21 1.28 1.25 1.51 1.67 1.54 1.42 1.44 1.43 0.58 0.64 0.66 0.64 1.07 0.44 0.76 0.55 0.91 1.21 1.21 1.2 1.3 1.51 1.45 1.42 1.58 1.56 1.06 1.96 2.02 2.04 0.31 2.27 1.53 1.1 2.03 2.03 1.19 0.41 0.4 0.59 0.58 0.53 2.02 0.45 0.18 0.29 0.0 0.18 1.51 1.91 1.83 1.81 0.24 0.27 1.05 0.46 0.5 2.5 2.48 1.72 2.11 2.01 2.07 1.3 2.65 2.63 2.63 3.15 2.58 2.59 1.78 3.02 3.03 1.93 1.91 1.98 1.78 1.82 1.38
1.22 1.18 1.03 1.29 1.32 1.3 0.79 1.3 0.45 0.69 0.68 1.43 0.41 0.41 1.42 0.47 1.31 1.17 1.13 1.58 1.57 1.24 1.31 1.28 1.54 1.69 1.57 1.25 1.27 1.26 0.61 0.67 0.69 0.67 1.1 0.46 0.79 0.57 0.94 1.24 1.24 1.23 1.33 1.54 1.47 1.45 1.61 1.59 1.08 1.99 2.04 2.07 0.34 2.3 1.55 1.12 2.06 2.05 1.22 0.43 0.44 0.61 0.41 0.36 2.04 0.28 0.02 0.12 0.18 0.0 1.54 1.94 1.86 1.84 0.07 0.39 0.88 0.58 0.33 2.53 2.51 1.75 2.14 2.13 2.09 1.14 2.67 2.65 2.66 2.98 2.41 2.42 1.61 2.85 2.87 1.76 1.74 1.81 1.61 1.65 1.21
1.42 1.39 1.24 1.5 1.53 1.51 1.22 1.63 1.2 1.12 1.1 1.03 1.17 1.16 0.68 1.22 1.19 0.41 0.5 1.18 1.22 0.38 0.23 0.32 0.36 0.82 0.94 1.31 1.29 1.33 1.37 1.42 1.45 1.42 1.52 1.22 1.21 1.33 1.36 1.66 1.67 1.65 1.76 1.97 1.9 1.88 2.04 2.01 0.45 0.95 1.02 0.85 1.21 0.76 1.38 1.33 1.06 1.05 1.64 1.5 1.4 1.7 1.93 1.88 0.51 1.8 1.54 1.64 1.51 1.54 0.0 0.41 0.33 0.3 1.59 1.29 1.68 1.46 1.85 1.0 0.98 0.77 0.6 3.01 3.08 1.38 1.65 1.63 1.63 2.16 2.15 2.14 1.95 2.03 2.03 2.1 2.09 1.75 1.92 1.95 1.34
1.82 1.79 1.64 1.9 1.93 1.91 1.62 2.04 1.6 1.52 1.5 1.43 1.57 1.56 1.08 1.62 1.59 0.82 0.91 1.58 1.62 0.78 0.63 0.72 0.76 1.18 1.3 1.71 1.69 1.73 1.77 1.82 1.85 1.82 1.93 1.62 1.61 1.73 1.77 2.07 2.07 2.05 2.16 2.37 2.3 2.28 2.44 2.41 0.85 0.72 0.78 0.61 1.61 0.57 1.78 1.73 0.83 0.81 2.05 1.9 1.8 2.1 2.34 2.28 0.33 2.2 1.94 2.04 1.91 1.94 0.41 0.0 0.09 0.12 1.99 1.69 2.09 1.86 2.26 0.8 0.78 0.93 0.4 3.41 3.48 1.78 1.41 1.39 1.4 1.93 1.92 1.9 1.71 1.79 1.79 1.87 1.88 1.52 1.68 1.71 1.75
1.75 1.71 1.57 1.82 1.85 1.83 1.55 1.96 1.52 1.44 1.43 1.35 1.49 1.49 1.01 1.55 1.51 0.74 0.83 1.51 1.54 0.71 0.56 0.64 0.68 1.09 1.21 1.64 1.61 1.65 1.69 1.75 1.77 1.75 1.85 1.55 1.54 1.65 1.69 1.99 1.99 1.98 2.08 2.29 2.23 2.2 2.36 2.34 0.78 0.63 0.69 0.52 1.53 0.48 1.7 1.66 0.74 0.72 1.97 1.83 1.73 2.02 2.26 2.21 0.25 2.13 1.86 1.96 1.83 1.86 0.33 0.09 0.0 0.04 1.92 1.62 2.01 1.79 2.18 0.71 0.69 0.84 0.31 3.34 3.4 1.71 1.32 1.3 1.31 1.84 1.83 1.81 1.62 1.7 1.7 1.78 1.79 1.43 1.59 1.62 1.67
1.73 1.69 1.54 1.8 1.83 1.81 1.52 1.94 1.5 1.42 1.4 1.33 1.47 1.46 0.98 1.53 1.48 0.72 0.81 1.49 1.52 0.68 0.53 0.62 0.64 1.06 1.18 1.61 1.59 1.63 1.67 1.73 1.75 1.73 1.83 1.52 1.51 1.63 1.67 1.97 1.97 1.96 2.06 2.27 2.2 2.18 2.34 2.31 0.75 0.67 0.73 0.56 1.51 0.46 1.68 1.63 0.78 0.76 1.95 1.81 1.7 2.0 2.24 2.18 0.21 2.1 1.84 1.94 1.81 1.84 0.3 0.12 0.04 0.0 1.89 1.59 1.99 1.77 2.16 0.7 0.68 0.88 0.3 3.31 3.38 1.68 1.36 1.34 1.35 1.88 1.87 1.85 1.66 1.74 1.74 1.82 1.83 1.47 1.63 1.66 1.65
1.27 1.24 1.09 1.35 1.38 1.35 0.85 1.35 0.5 0.75 0.73 1.49 0.47 0.46 1.48 0.52 1.36 1.23 1.19 1.58 1.5 1.29 1.36 1.34 1.59 1.75 1.62 1.18 1.2 1.2 0.67 0.72 0.74 0.72 1.15 0.52 0.84 0.63 0.99 1.29 1.29 1.28 1.39 1.6 1.53 1.51 1.67 1.64 1.14 2.05 2.1 2.13 0.4 2.35 1.59 1.18 2.12 2.11 1.27 0.5 0.5 0.67 0.34 0.43 2.1 0.21 0.08 0.05 0.24 0.07 1.59 1.99 1.92 1.89 0.0 0.45 0.81 0.64 0.26 2.59 2.57 1.8 2.19 2.19 2.15 1.07 2.73 2.71 2.71 2.91 2.34 2.36 1.54 2.78 2.8 1.69 1.68 1.74 1.55 1.59 1.15
0.97 0.94 0.79 1.05 1.08 1.05 0.55 1.05 0.2 0.45 0.43 1.18 0.17 0.16 1.18 0.22 1.06 0.93 0.89 1.34 1.39 0.99 1.06 1.04 1.29 1.45 1.32 1.41 1.39 1.43 0.37 0.42 0.44 0.42 0.85 0.22 0.54 0.33 0.69 0.99 0.99 0.98 1.09 1.3 1.23 1.21 1.37 1.34 0.84 1.75 1.8 1.82 0.11 2.05 1.36 0.88 1.82 1.81 0.97 0.26 0.16 0.45 0.79 0.74 1.8 0.66 0.39 0.5 0.27 0.39 1.29 1.69 1.62 1.59 0.45 0.0 1.26 0.22 0.71 2.29 2.27 1.5 1.89 1.77 1.83 1.48 2.43 2.41 2.41 2.94 2.79 2.8 1.99 2.81 2.81 2.14 2.12 2.19 1.99 2.03 1.44
1.91 1.88 1.73 1.99 2.02 2.0 1.66 2.13 1.32 1.56 1.55 0.82 1.28 1.28 1.63 1.34 1.9 1.3 1.22 0.84 0.75 1.32 1.49 1.37 1.72 1.99 1.89 0.43 0.46 0.45 1.48 1.54 1.56 1.54 1.97 1.33 1.66 1.44 1.81 2.11 2.11 2.1 2.2 2.41 2.34 2.32 2.48 2.46 1.31 1.68 1.61 1.76 1.21 2.45 0.84 1.82 1.55 1.56 2.09 1.31 1.31 1.49 0.53 1.15 2.19 0.67 0.9 0.85 1.05 0.88 1.68 2.09 2.01 1.99 0.81 1.26 0.0 1.45 0.79 2.48 2.46 1.48 2.08 3.0 2.97 0.32 2.22 2.2 2.2 2.16 1.59 1.61 0.79 2.04 2.05 0.95 0.93 1.0 0.8 0.84 0.4
1.15 1.11 0.96 1.22 1.25 1.23 0.72 1.23 0.37 0.62 0.6 1.36 0.34 0.33 1.35 0.4 1.23 1.1 1.06 1.51 1.56 1.17 1.23 1.21 1.46 1.62 1.5 1.58 1.56 1.6 0.54 0.59 0.62 0.59 1.03 0.39 0.71 0.44 0.87 1.17 1.17 1.16 1.26 1.47 1.4 1.38 1.54 1.51 1.01 1.92 1.97 2.0 0.29 2.23 1.54 1.05 1.99 1.98 1.15 0.25 0.15 0.42 0.98 0.84 1.97 0.85 0.58 0.69 0.46 0.58 1.46 1.86 1.79 1.77 0.64 0.22 1.45 0.0 0.9 2.46 2.44 1.68 2.07 1.58 1.64 1.65 2.6 2.58 2.59 3.12 2.98 2.99 2.18 2.98 2.98 2.33 2.31 2.38 2.18 2.22 1.61
1.54 1.5 1.35 1.61 1.64 1.62 1.11 1.62 0.76 1.01 0.99 1.54 0.73 0.73 1.74 0.79 1.63 1.49 1.45 1.56 1.48 1.56 1.62 1.6 1.86 2.01 1.89 1.16 1.18 1.17 0.93 0.99 1.01 0.99 1.42 0.78 1.1 0.89 1.26 1.56 1.56 1.55 1.65 1.86 1.79 1.77 1.93 1.91 1.4 2.31 2.33 2.39 0.66 2.62 1.57 1.44 2.28 2.29 1.54 0.76 0.76 0.93 0.4 0.69 2.36 0.28 0.35 0.3 0.5 0.33 1.85 2.26 2.18 2.16 0.26 0.71 0.79 0.9 0.0 2.85 2.83 2.07 2.46 2.45 2.42 1.04 2.94 2.92 2.93 2.89 2.32 2.33 1.52 2.76 2.78 1.67 1.65 1.72 1.52 1.56 1.12
2.42 2.38 2.24 2.49 2.52 2.5 2.22 2.63 2.19 2.11 2.1 2.02 2.16 2.16 1.32 2.22 1.35 1.41 1.5 2.16 2.15 1.38 1.23 1.31 1.12 0.94 1.05 2.09 2.08 2.07 2.36 2.42 2.44 2.42 2.52 2.22 2.21 2.32 2.36 2.66 2.66 2.65 2.75 2.96 2.9 2.87 3.03 3.01 1.45 0.81 0.89 0.71 2.2 0.28 2.37 2.33 0.93 0.91 2.64 2.5 2.4 2.69 2.93 2.88 0.49 2.8 2.53 2.63 2.5 2.53 1.0 0.8 0.71 0.7 2.59 2.29 2.48 2.46 2.85 0.0 0.02 1.05 0.43 4.01 4.07 2.17 1.52 1.41 1.43 2.03 2.02 2.01 1.81 1.89 1.9 1.97 1.98 1.62 1.78 1.81 2.14
2.4 2.36 2.22 2.47 2.5 2.48 2.2 2.61 2.17 2.09 2.08 2.0 2.14 2.14 1.3 2.2 1.33 1.39 1.48 2.14 2.13 1.36 1.21 1.29 1.1 0.92 1.03 2.07 2.06 2.06 2.34 2.4 2.42 2.4 2.5 2.2 2.19 2.3 2.34 2.64 2.64 2.63 2.73 2.94 2.88 2.85 3.01 2.99 1.43 0.79 0.87 0.69 2.18 0.26 2.35 2.31 0.91 0.89 2.62 2.48 2.38 2.67 2.91 2.86 0.47 2.78 2.51 2.61 2.48 2.51 0.98 0.78 0.69 0.68 2.57 2.27 2.46 2.44 2.83 0.02 0.0 1.03 0.41 3.99 4.05 2.15 1.5 1.43 1.45 2.01 2.0 1.99 1.8 1.88 1.88 1.95 1.96 1.6 1.77 1.8 2.12
1.63 1.6 1.45 1.71 1.74 1.72 1.43 1.85 1.41 1.33 1.31 1.17 1.38 1.37 1.07 1.43 1.58 0.72 0.7 1.11 1.11 0.57 0.61 0.47 0.84 1.24 1.33 1.11 1.09 1.13 1.58 1.63 1.66 1.63 1.74 1.43 1.42 1.54 1.58 1.88 1.88 1.86 1.97 2.18 2.11 2.09 2.25 2.22 0.81 0.26 0.3 0.34 1.42 1.23 1.37 1.54 0.34 0.32 1.86 1.71 1.61 1.91 1.94 2.09 1.09 2.01 1.75 1.85 1.72 1.75 0.77 0.93 0.84 0.88 1.8 1.5 1.48 1.68 2.07 1.05 1.03 0.0 0.66 3.22 3.29 1.18 0.93 0.91 0.91 1.44 1.43 1.42 1.21 1.31 1.31 1.36 1.37 1.01 1.18 1.21 1.14
2.02 1.99 1.84 2.1 2.13 2.11 1.82 2.24 1.8 1.72 1.7 1.63 1.77 1.76 1.28 1.83 1.65 1.02 1.11 1.76 1.76 0.98 0.83 0.92 0.94 1.24 1.36 1.7 1.69 1.68 1.97 2.03 2.05 2.03 2.13 1.82 1.81 1.93 1.97 2.27 2.27 2.26 2.36 2.57 2.5 2.48 2.64 2.61 1.05 0.42 0.49 0.32 1.81 0.58 1.97 1.93 0.54 0.52 2.25 2.11 2.0 2.3 2.54 2.48 0.51 2.4 2.14 2.24 2.11 2.14 0.6 0.4 0.31 0.3 2.19 1.89 2.08 2.07 2.46 0.43 0.41 0.66 0.0 3.61 3.68 1.78 1.12 1.1 1.11 1.64 1.63 1.61 1.42 1.5 1.5 1.58 1.59 1.23 1.39 1.42 1.74
2.69 2.66 2.51 2.77 2.8 2.78 2.27 2.77 1.92 2.17 2.15 2.91 1.89 1.88 2.9 1.95 2.78 2.65 2.61 3.06 3.11 2.71 2.78 2.76 3.01 3.17 3.04 3.13 3.11 3.15 2.09 2.14 2.16 2.14 2.57 1.94 2.26 1.91 2.41 2.71 2.72 2.7 2.81 3.02 2.95 2.93 3.09 3.06 2.56 3.47 3.52 3.55 1.84 3.77 3.08 2.6 3.54 3.53 2.7 1.77 1.7 1.61 2.53 2.39 3.52 2.4 2.13 2.23 2.01 2.13 3.01 3.41 3.34 3.31 2.19 1.77 3.0 1.58 2.45 4.01 3.99 3.22 3.61 0.0 0.11 3.2 4.15 4.13 4.14 4.66 4.52 4.54 3.72 4.53 4.53 3.88 3.86 3.92 3.73 3.77 3.16
2.76 2.72 2.58 2.83 2.86 2.84 2.34 2.84 1.99 2.23 2.22 2.97 1.95 1.95 2.96 2.01 2.85 2.71 2.67 3.12 3.17 2.78 2.85 2.82 3.08 3.24 3.11 3.19 3.17 3.21 2.15 2.21 2.23 2.21 2.64 2.01 2.33 1.97 2.48 2.78 2.78 2.77 2.87 3.08 3.02 2.99 3.15 3.13 2.62 3.53 3.59 3.61 1.9 3.84 3.15 2.67 3.6 3.59 2.76 1.68 1.76 1.52 2.5 2.31 3.58 2.36 2.09 2.2 2.07 2.09 3.08 3.48 3.4 3.38 2.15 1.83 2.97 1.64 2.42 4.07 4.05 3.29 3.68 0.11 0.0 3.22 4.22 4.19 4.2 4.73 4.49 4.51 3.69 4.59 4.6 3.85 3.83 3.9 3.7 3.74 3.23
1.61 1.58 1.43 1.69 1.71 1.69 1.41 1.82 1.38 1.31 1.29 0.52 1.35 1.35 1.33 1.41 1.6 0.99 0.91 0.53 0.45 1.02 1.19 1.06 1.42 1.69 1.59 0.19 0.17 0.21 1.55 1.61 1.63 1.61 1.71 1.41 1.4 1.52 1.55 1.85 1.85 1.84 1.94 2.15 2.09 2.06 2.22 2.2 1.0 1.38 1.31 1.46 1.39 2.14 0.54 1.52 1.25 1.26 1.83 1.56 1.57 1.74 0.78 1.4 1.89 0.92 1.15 1.1 1.3 1.14 1.38 1.78 1.71 1.68 1.07 1.48 0.32 1.65 1.04 2.17 2.15 1.18 1.78 3.2 3.22 0.0 1.92 1.9 1.9 2.04 1.47 1.49 0.67 1.91 1.93 0.83 0.81 0.88 0.68 0.72 0.2
2.56 2.53 2.38 2.64 2.67 2.64 2.36 2.77 2.33 2.26 2.24 1.98 2.31 2.3 1.99 2.36 2.5 1.65 1.63 1.93 1.92 1.5 1.54 1.39 1.77 2.17 2.26 1.84 1.82 1.82 2.51 2.56 2.58 2.56 2.66 2.36 2.35 2.47 2.5 2.8 2.8 2.79 2.9 3.11 3.04 3.02 3.18 3.15 1.74 0.73 0.63 0.8 2.35 1.7 2.11 2.47 0.68 0.66 2.78 2.64 2.54 2.84 2.68 3.02 1.58 2.82 2.68 2.78 2.65 2.67 1.65 1.41 1.32 1.36 2.73 2.43 2.22 2.6 2.94 1.52 1.5 0.93 1.12 4.15 4.22 1.92 0.0 0.41 0.45 0.98 1.54 1.54 1.56 0.87 0.84 1.71 1.72 1.36 1.53 1.56 1.88
2.54 2.51 2.36 2.62 2.65 2.62 2.34 2.75 2.31 2.24 2.22 1.96 2.29 2.28 1.97 2.34 2.48 1.63 1.61 1.91 1.9 1.48 1.52 1.37 1.75 2.14 2.24 1.82 1.8 1.8 2.49 2.54 2.56 2.54 2.64 2.34 2.33 2.45 2.48 2.78 2.78 2.77 2.88 3.09 3.02 3.0 3.16 3.13 1.71 0.7 0.61 0.78 2.32 1.67 2.09 2.45 0.66 0.64 2.76 2.62 2.52 2.82 2.66 3.0 1.56 2.8 2.66 2.76 2.63 2.65 1.63 1.39 1.3 1.34 2.71 2.41 2.2 2.58 2.92 1.41 1.43 0.91 1.1 4.13 4.19 1.9 0.41 0.0 0.04 1.14 1.7 1.7 1.54 1.01 1.0 1.69 1.7 1.34 1.51 1.54 1.86
2.55 2.51 2.36 2.62 2.65 2.63 2.34 2.76 2.32 2.24 2.23 1.97 2.29 2.28 1.98 2.35 2.49 1.63 1.61 1.91 1.91 1.48 1.53 1.38 1.75 2.15 2.24 1.82 1.81 1.8 2.49 2.55 2.57 2.55 2.65 2.35 2.33 2.45 2.49 2.79 2.79 2.78 2.88 3.09 3.02 3.0 3.16 3.14 1.72 0.71 0.61 0.79 2.33 1.68 2.1 2.45 0.66 0.64 2.77 2.63 2.52 2.82 2.66 3.01 1.56 2.81 2.66 2.76 2.63 2.66 1.63 1.4 1.31 1.35 2.71 2.41 2.2 2.59 2.93 1.43 1.45 0.91 1.11 4.14 4.2 1.9 0.45 0.04 0.0 1.16 1.72 1.72 1.54 1.04 1.03 1.7 1.71 1.35 1.51 1.54 1.86
3.08 3.04 2.89 3.15 3.18 3.16 2.87 3.29 2.85 2.77 2.75 2.46 2.82 2.81 2.51 2.88 3.02 2.16 2.14 2.44 2.39 2.01 2.06 1.91 2.28 2.68 2.77 2.03 2.06 2.04 3.02 3.08 3.1 3.08 3.18 2.87 2.86 2.98 3.02 3.32 3.32 3.31 3.41 3.62 3.55 3.53 3.69 3.67 2.25 1.24 1.14 1.32 2.86 2.21 2.48 2.98 1.18 1.17 3.3 3.16 3.05 3.35 2.62 3.24 2.09 2.76 2.99 2.94 3.15 2.98 2.16 1.93 1.84 1.88 2.91 2.94 2.16 3.12 2.89 2.03 2.01 1.44 1.64 4.66 4.73 2.04 0.98 1.14 1.16 0.0 0.81 0.81 1.39 0.15 0.13 1.55 1.56 1.18 1.36 1.36 1.98
2.98 2.95 2.8 3.06 3.09 3.07 2.78 3.2 2.76 2.68 2.66 1.89 2.73 2.72 2.48 2.78 2.97 2.14 2.12 1.91 1.82 1.99 2.03 1.89 2.26 2.66 2.75 1.46 1.49 1.47 2.93 2.98 3.01 2.98 3.08 2.78 2.77 2.89 2.93 3.22 3.23 3.21 3.32 3.53 3.46 3.44 3.6 3.57 2.23 1.23 1.15 1.31 2.73 2.2 1.91 2.89 1.1 1.12 3.21 2.83 2.84 3.01 2.05 2.67 2.08 2.19 2.42 2.37 2.58 2.41 2.15 1.92 1.83 1.87 2.34 2.79 1.59 2.98 2.32 2.02 2.0 1.43 1.63 4.52 4.49 1.47 1.54 1.7 1.72 0.81 0.0 0.02 0.82 0.68 0.7 0.97 0.99 0.98 0.8 0.76 1.41
3.0 2.97 2.82 3.08 3.11 3.08 2.8 3.21 2.77 2.7 2.68 1.91 2.75 2.74 2.47 2.8 2.98 2.13 2.11 1.92 1.84 1.98 2.02 1.87 2.25 2.64 2.73 1.48 1.5 1.49 2.95 3.0 3.02 3.0 3.1 2.8 2.79 2.91 2.94 3.24 3.24 3.23 3.34 3.55 3.48 3.46 3.62 3.59 2.21 1.22 1.14 1.29 2.75 2.19 1.93 2.91 1.09 1.11 3.22 2.85 2.86 3.03 2.07 2.69 2.07 2.21 2.44 2.39 2.59 2.42 2.14 1.9 1.81 1.85 2.36 2.8 1.61 2.99 2.33 2.01 1.99 1.42 1.61 4.54 4.51 1.49 1.54 1.7 1.72 0.81 0.02 0.0 0.84 0.68 0.7 0.99 1.01 0.97 0.82 0.78 1.43
2.18 2.15 2.0 2.26 2.29 2.27 1.98 2.4 1.96 1.88 1.86 1.09 1.93 1.92 1.9 1.98 2.17 1.57 1.49 1.11 1.02 1.59 1.76 1.64 1.99 2.26 2.16 0.66 0.69 0.67 2.13 2.18 2.21 2.18 2.28 1.98 1.97 2.09 2.12 2.42 2.43 2.41 2.52 2.73 2.66 2.64 2.8 2.77 1.58 1.02 0.95 1.1 1.93 1.99 1.11 2.09 0.89 0.9 2.41 2.03 2.04 2.21 1.25 1.87 1.87 1.39 1.62 1.57 1.78 1.61 1.95 1.71 1.62 1.66 1.54 1.99 0.79 2.18 1.52 1.81 1.8 1.21 1.42 3.72 3.69 0.67 1.56 1.54 1.54 1.39 0.82 0.84 0.0 1.27 1.28 0.16 0.17 0.23 0.03 0.07 0.61
2.94 2.91 2.76 3.02 3.04 3.02 2.74 3.15 2.71 2.64 2.62 2.34 2.69 2.68 2.37 2.74 2.88 2.03 2.01 2.28 2.27 1.88 1.92 1.77 2.15 2.54 2.63 1.91 1.93 1.91 2.88 2.94 2.96 2.94 3.04 2.74 2.73 2.85 2.88 3.18 3.18 3.17 3.27 3.49 3.42 3.4 3.56 3.53 2.11 1.1 1.01 1.18 2.72 2.07 2.36 2.85 1.02 1.04 3.16 3.02 2.92 3.22 2.5 3.12 1.95 2.64 2.87 2.82 3.02 2.85 2.03 1.79 1.7 1.74 2.78 2.81 2.04 2.98 2.76 1.89 1.88 1.31 1.5 4.53 4.59 1.91 0.87 1.01 1.04 0.15 0.68 0.68 1.27 0.0 0.04 1.42 1.43 1.06 1.24 1.23 1.85
2.94 2.91 2.76 3.02 3.05 3.02 2.74 3.15 2.71 2.64 2.62 2.35 2.69 2.68 2.37 2.74 2.88 2.03 2.01 2.31 2.28 1.88 1.92 1.77 2.15 2.55 2.64 1.93 1.95 1.93 2.89 2.94 2.96 2.94 3.04 2.74 2.73 2.85 2.88 3.18 3.18 3.17 3.28 3.49 3.42 3.4 3.56 3.53 2.11 1.1 1.01 1.18 2.72 2.07 2.37 2.85 1.05 1.04 3.16 3.02 2.92 3.22 2.51 3.13 1.96 2.66 2.88 2.83 3.03 2.87 2.03 1.79 1.7 1.74 2.8 2.81 2.05 2.98 2.78 1.9 1.88 1.31 1.5 4.53 4.6 1.93 0.84 1.0 1.03 0.13 0.7 0.7 1.28 0.04 0.0 1.44 1.45 1.08 1.25 1.25 1.87
2.34 2.31 2.16 2.41 2.44 2.42 2.14 2.55 2.11 2.03 2.02 1.25 2.08 2.08 2.05 2.14 2.33 1.72 1.64 1.26 1.18 1.75 1.92 1.79 2.15 2.42 2.32 0.82 0.84 0.82 2.28 2.34 2.36 2.34 2.44 2.14 2.13 2.25 2.28 2.58 2.58 2.57 2.67 2.88 2.82 2.79 2.95 2.93 1.73 1.18 1.1 1.26 2.09 2.15 1.27 2.25 1.05 1.06 2.56 2.19 2.19 2.36 1.41 2.03 2.03 1.55 1.78 1.73 1.93 1.76 2.1 1.87 1.78 1.82 1.69 2.14 0.95 2.33 1.67 1.97 1.95 1.36 1.58 3.88 3.85 0.83 1.71 1.69 1.7 1.55 0.97 0.99 0.16 1.42 1.44 0.0 0.06 0.39 0.19 0.23 0.77
2.32 2.29 2.14 2.4 2.43 2.4 2.12 2.53 2.09 2.02 2.0 1.23 2.07 2.06 2.04 2.12 2.31 1.7 1.63 1.24 1.16 1.73 1.9 1.77 2.13 2.4 2.3 0.8 0.82 0.82 2.27 2.32 2.34 2.32 2.42 2.12 2.11 2.23 2.26 2.56 2.56 2.55 2.66 2.87 2.8 2.78 2.94 2.91 1.71 1.19 1.11 1.27 2.07 2.16 1.25 2.23 1.06 1.07 2.54 2.17 2.18 2.35 1.39 2.01 2.04 1.53 1.76 1.71 1.91 1.74 2.09 1.88 1.79 1.83 1.68 2.12 0.93 2.31 1.65 1.98 1.96 1.37 1.59 3.86 3.83 0.81 1.72 1.7 1.71 1.56 0.99 1.01 0.17 1.43 1.45 0.06 0.0 0.4 0.2 0.24 0.75
2.34 2.3 2.15 2.41 2.44 2.42 2.13 2.55 2.11 2.03 2.01 1.3 2.08 2.07 1.93 2.14 2.33 1.6 1.52 1.31 1.23 1.56 1.6 1.45 1.83 2.22 2.19 0.87 0.89 0.87 2.28 2.34 2.36 2.34 2.44 2.13 2.12 2.24 2.28 2.58 2.58 2.57 2.67 2.88 2.81 2.79 2.95 2.92 1.61 0.83 0.75 0.91 2.12 1.8 1.32 2.24 0.7 0.71 2.56 2.24 2.25 2.42 1.46 2.08 1.68 1.6 1.83 1.78 1.98 1.81 1.75 1.52 1.43 1.47 1.74 2.19 1.0 2.38 1.72 1.62 1.6 1.01 1.23 3.92 3.9 0.88 1.36 1.34 1.35 1.18 0.98 0.97 0.23 1.06 1.08 0.39 0.4 0.0 0.2 0.22 0.82
2.19 2.16 2.01 2.27 2.3 2.27 1.99 2.4 1.96 1.89 1.87 1.1 1.94 1.93 1.91 1.99 2.18 1.57 1.5 1.11 1.03 1.6 1.76 1.62 1.99 2.27 2.17 0.67 0.69 0.68 2.14 2.19 2.21 2.19 2.29 1.99 1.98 2.1 2.13 2.43 2.43 2.42 2.53 2.74 2.67 2.65 2.81 2.78 1.59 0.99 0.92 1.07 1.94 1.96 1.12 2.1 0.86 0.87 2.41 2.04 2.05 2.22 1.26 1.88 1.84 1.4 1.63 1.58 1.78 1.61 1.92 1.68 1.59 1.63 1.55 1.99 0.8 2.18 1.52 1.78 1.77 1.18 1.39 3.73 3.7 0.68 1.53 1.51 1.51 1.36 0.8 0.82 0.03 1.24 1.25 0.19 0.2 0.2 0.0 0.04 0.62
2.23 2.2 2.05 2.31 2.34 2.31 2.03 2.44 2.0 1.93 1.91 1.14 1.98 1.97 1.95 2.03 2.22 1.61 1.54 1.15 1.07 1.64 1.79 1.65 2.02 2.31 2.21 0.71 0.73 0.72 2.18 2.23 2.25 2.23 2.33 2.03 2.02 2.14 2.17 2.47 2.47 2.46 2.57 2.78 2.71 2.69 2.85 2.82 1.62 1.02 0.95 1.1 1.98 1.99 1.16 2.14 0.89 0.9 2.45 2.08 2.09 2.26 1.3 1.92 1.87 1.44 1.67 1.62 1.82 1.65 1.95 1.71 1.62 1.66 1.59 2.03 0.84 2.22 1.56 1.81 1.8 1.21 1.42 3.77 3.74 0.72 1.56 1.54 1.54 1.36 0.76 0.78 0.07 1.23 1.25 0.23 0.24 0.22 0.04 0.0 0.66
1.57 1.54 1.39 1.65 1.68 1.66 1.37 1.79 1.35 1.27 1.25 0.48 1.32 1.31 1.29 1.37 1.56 0.96 0.88 0.5 0.41 0.98 1.15 1.03 1.38 1.65 1.55 0.05 0.08 0.07 1.52 1.57 1.6 1.57 1.67 1.37 1.36 1.48 1.51 1.81 1.82 1.8 1.91 2.12 2.05 2.03 2.19 2.16 0.97 1.34 1.27 1.42 1.36 2.11 0.5 1.48 1.21 1.22 1.8 1.64 1.55 1.82 0.86 1.48 1.85 1.0 1.23 1.18 1.38 1.21 1.34 1.75 1.67 1.65 1.15 1.44 0.4 1.61 1.12 2.14 2.12 1.14 1.74 3.16 3.23 0.2 1.88 1.86 1.86 1.98 1.41 1.43 0.61 1.85 1.87 0.77 0.75 0.82 0.62 0.66 0.0
