0.0 3.91 2.99 2.99 2.59 3.06 4.49 4.85 2.38 3.31 4.5 6.09 2.49 4.93 4.68 4.43 5.83 2.66 5.94 1.83 3.23 3.42 2.25 5.65 3.29 2.94 2.77 2.96 3.63 3.65 2.62
2.32 0.0 2.27 2.28 2.26 2.73 5.46 4.18 2.96 2.41 0.62 6.69 1.28 5.89 3.96 5.4 6.07 2.0 6.58 2.29 1.42 2.21 1.59 4.98 4.25 1.73 2.1 1.15 2.08 2.44 0.81
2.39 2.75 0.0 1.12 0.72 0.93 3.91 4.69 1.41 1.44 3.33 5.51 1.79 4.35 4.47 3.85 5.25 2.51 5.36 2.16 1.81 2.72 2.1 5.49 2.71 2.24 2.62 1.53 2.47 2.95 1.2
2.4 2.75 0.06 0.0 0.72 0.94 3.92 4.7 1.42 1.45 3.34 5.52 1.79 4.36 4.47 3.86 5.26 2.52 5.37 2.17 1.82 2.73 2.11 5.49 2.72 2.24 2.62 1.54 2.48 2.96 1.2
3.39 3.82 1.93 1.94 0.0 2.0 4.91 5.76 2.42 2.25 4.41 6.51 2.86 5.35 5.54 4.85 6.25 3.59 6.36 3.16 2.82 3.79 3.17 6.56 3.71 3.31 3.69 2.61 3.54 4.02 2.27
2.4 2.32 0.96 0.97 1.63 0.0 4.83 4.26 2.33 1.38 2.9 6.42 1.36 5.26 4.04 4.77 6.15 2.08 6.27 2.37 1.38 2.29 1.67 5.06 3.62 1.81 2.19 1.1 2.04 2.52 0.77
4.06 4.61 3.93 3.94 3.43 4.0 0.0 2.67 2.6 4.25 5.2 2.53 4.49 1.77 5.22 1.27 2.56 4.35 2.29 3.83 4.82 4.12 4.25 3.47 1.17 4.3 4.45 4.61 4.33 4.24 4.27
5.44 4.54 6.78 6.79 6.76 7.23 4.86 0.0 6.85 6.92 5.13 5.55 5.2 6.6 5.15 6.1 4.97 4.28 5.44 6.3 5.93 4.05 4.82 3.84 5.74 4.22 4.38 5.66 4.26 4.17 5.32
2.96 4.38 2.49 2.5 1.93 2.57 3.32 5.15 0.0 2.82 4.97 4.92 3.38 3.76 5.58 3.26 4.65 3.56 4.77 2.73 3.38 4.32 3.15 5.95 2.12 3.83 3.67 3.17 4.1 4.55 2.83
2.87 2.78 1.78 1.79 2.45 2.23 5.65 4.73 3.15 0.0 3.37 7.23 1.82 6.09 4.5 5.59 6.61 2.55 7.1 2.84 0.61 2.76 2.14 5.52 4.44 2.27 2.65 0.89 2.51 2.99 1.36
1.99 2.03 1.94 1.95 1.93 2.39 5.12 3.84 2.63 2.08 0.0 6.35 0.94 5.56 3.62 5.06 5.73 1.67 6.25 1.96 1.09 1.88 1.26 4.64 3.92 1.39 1.77 0.82 1.75 2.1 0.48
5.33 6.28 5.2 5.2 4.7 5.27 2.68 3.87 3.87 5.52 6.86 0.0 5.75 1.11 6.88 0.62 4.22 5.93 2.77 5.1 6.08 5.78 5.52 4.67 1.65 5.96 6.03 5.87 6.0 5.9 5.54
2.49 1.49 3.12 3.13 3.08 3.56 4.74 2.97 3.75 3.26 2.08 5.47 0.0 6.3 2.74 5.8 4.85 2.12 5.37 2.94 2.27 1.0 1.75 3.76 4.66 0.51 2.23 1.99 1.21 1.22 1.66
5.2 6.76 5.06 5.07 4.56 5.14 3.16 4.35 3.73 5.39 7.35 3.0 5.62 0.0 7.36 1.47 4.7 5.8 3.5 4.96 5.95 6.26 5.38 5.15 2.13 6.07 5.9 5.74 6.48 6.38 5.4
2.21 1.27 3.51 3.52 3.5 3.96 3.62 1.85 3.62 3.65 1.86 4.35 1.96 5.37 0.0 4.87 3.73 1.05 4.25 3.08 2.66 0.78 1.59 2.64 4.5 0.95 1.16 2.39 0.99 0.9 2.05
5.27 5.95 5.14 5.15 4.64 5.21 2.62 3.81 3.81 5.46 6.53 1.7 5.69 1.06 6.55 0.0 3.89 5.68 2.2 5.04 6.02 5.45 5.46 4.35 1.59 5.63 5.79 5.82 5.67 5.57 5.48
3.13 2.24 4.48 4.48 4.46 4.93 2.75 0.97 4.55 4.61 2.82 3.48 2.9 4.5 2.84 4.0 0.0 1.97 3.38 4.0 3.62 1.74 2.51 1.77 3.63 1.92 2.08 3.35 1.96 1.86 3.01
2.59 1.45 3.69 3.7 3.68 4.14 4.05 2.27 4.0 3.83 2.04 4.78 2.14 5.8 2.1 5.3 4.16 0.0 4.68 3.45 2.84 0.96 1.97 3.07 4.91 1.14 1.54 2.57 1.18 1.08 2.23
5.83 6.09 5.69 5.7 5.19 5.77 2.73 3.64 4.36 6.02 6.67 1.88 6.25 2.95 6.69 2.45 4.37 5.82 0.0 5.59 6.58 5.59 6.01 3.25 2.93 5.77 5.93 6.37 5.81 5.71 6.03
1.73 2.47 2.17 2.17 1.76 2.24 4.28 3.94 2.17 2.49 3.05 5.88 1.04 4.72 3.72 4.22 5.61 1.76 5.73 0.0 1.78 1.97 1.35 4.74 3.07 1.49 1.87 1.51 2.19 2.2 1.17
2.29 2.2 1.43 1.44 2.1 1.88 5.3 4.14 2.8 1.24 2.79 6.65 1.24 5.73 3.92 5.24 6.03 1.97 6.54 2.26 0.0 2.17 1.55 4.94 4.09 1.69 2.07 0.31 1.92 2.4 0.78
2.9 0.65 2.89 2.89 2.87 3.34 4.36 2.59 3.57 3.02 1.23 5.1 1.89 6.11 2.37 5.61 4.48 1.74 4.99 2.9 2.04 0.0 2.2 3.39 4.86 1.65 1.85 1.76 0.37 0.85 1.42
1.62 1.84 2.99 3.0 2.96 3.43 4.44 2.66 3.04 3.13 2.43 5.17 1.4 5.58 2.49 5.09 4.55 0.47 5.06 2.49 2.14 1.34 0.0 3.46 3.94 0.91 0.58 1.87 1.56 1.46 1.53
5.27 4.38 6.62 6.62 6.59 7.07 4.12 1.93 5.76 6.75 4.96 3.28 5.04 4.34 4.98 3.85 4.76 4.11 2.52 6.14 5.77 3.88 4.65 0.0 4.32 4.06 4.22 5.49 4.1 4.0 5.15
4.08 5.5 3.95 3.96 3.45 4.02 2.11 3.94 2.62 4.27 6.09 2.89 4.5 1.73 6.1 1.23 3.44 4.68 3.38 3.85 4.83 5.01 4.27 4.73 0.0 4.95 4.79 4.63 5.22 5.12 4.29
2.03 1.55 2.66 2.67 2.63 3.1 4.8 3.03 3.3 2.8 2.14 5.53 1.07 5.84 2.8 5.35 4.91 1.71 5.43 2.49 1.81 1.06 1.3 3.82 4.2 0.0 1.82 1.54 1.27 1.29 1.2
1.83 1.35 2.46 2.47 2.43 2.9 4.6 2.83 3.1 2.6 1.94 5.33 0.87 5.65 2.61 5.15 4.71 1.51 5.23 2.29 1.61 0.86 1.1 3.62 4.0 0.38 0.0 1.34 1.07 1.09 1.0
3.54 3.46 1.19 1.2 1.86 1.64 5.06 5.4 2.56 1.61 4.05 6.65 2.5 5.49 5.18 5.0 6.39 3.22 6.5 3.3 2.17 3.43 2.81 6.2 3.85 2.95 3.33 0.0 3.18 3.66 1.91
2.65 0.36 2.6 2.61 2.58 3.05 5.78 4.5 3.28 2.74 0.95 7.01 1.6 6.22 4.28 5.72 6.39 2.33 6.9 2.62 1.75 2.53 1.91 5.3 4.58 2.05 2.43 1.47 0.0 2.76 1.14
3.75 2.31 4.55 4.56 4.54 5.0 5.16 3.39 5.17 4.69 2.9 5.89 3.5 6.91 1.6 6.41 5.27 2.59 5.79 4.57 3.7 2.32 3.13 4.18 6.04 2.49 2.7 3.43 2.03 0.0 3.09
1.93 1.85 1.48 1.49 1.87 1.93 5.07 3.79 2.57 1.62 2.43 6.29 0.89 5.5 3.57 5.01 5.67 1.61 6.19 1.9 0.63 1.82 1.2 4.58 3.86 1.34 1.71 0.36 1.57 2.05 0.0
