0.0 0.64 0.18 0.1 0.11 0.11 0.72 0.28 0.84 0.81 0.79 1.46 0.83 0.85 0.94 0.96 0.99 1.52 1.53 1.13 1.19 1.62 1.44 0.99 0.88 1.28 0.71 1.15 1.01 0.9 1.03 1.43 1.46 1.52 1.5 1.31 1.58 1.0 1.26 1.93 1.93 1.96 2.33 0.73 1.28 1.22 1.33 1.35 1.37 1.4 1.55 1.44 1.43 1.22 1.31 1.42 0.97 1.33 1.15 1.87 1.86 1.88 1.61 1.62 2.17 1.83 2.11 1.93 2.46 1.5 3.11 3.1 2.79 2.33 2.48 2.22 2.21 2.32 2.31 2.41 2.43
0.64 0.0 0.45 0.71 0.74 0.72 0.43 0.37 0.37 0.34 0.32 0.99 0.36 0.38 0.47 0.5 0.52 1.05 1.06 0.66 0.72 1.15 0.97 0.52 0.42 0.81 0.74 0.68 0.54 0.43 0.56 0.97 0.99 1.05 1.03 0.84 1.11 0.53 0.79 1.46 1.46 1.49 1.86 0.54 0.81 0.75 0.86 0.88 0.91 0.93 1.08 0.97 0.97 0.75 0.85 0.96 0.5 0.86 0.68 1.4 1.39 1.41 1.14 1.15 1.71 1.36 1.64 1.46 1.99 1.04 2.64 2.63 2.32 1.86 2.01 1.75 1.75 1.85 1.84 1.94 1.96
0.18 0.45 0.0 0.26 0.29 0.26 0.72 0.13 0.66 0.62 0.61 1.28 0.65 0.67 0.75 0.78 0.81 1.34 1.35 0.94 1.01 1.44 1.26 0.81 0.7 1.1 0.83 0.97 0.83 0.72 0.85 1.25 1.28 1.33 1.31 1.13 1.4 0.82 1.08 1.74 1.75 1.77 2.15 0.6 1.1 1.04 1.14 1.16 1.19 1.22 1.37 1.26 1.25 1.04 1.13 1.24 0.79 1.15 0.97 1.68 1.68 1.69 1.43 1.43 1.99 1.65 1.93 1.75 2.27 1.32 2.93 2.92 2.6 2.15 2.3 2.04 2.03 2.14 2.12 2.23 2.25
0.1 0.71 0.26 0.0 0.03 0.01 0.82 0.36 0.92 0.88 0.87 1.53 0.91 0.92 1.01 1.04 1.07 1.6 1.61 1.2 1.27 1.69 1.52 1.07 0.96 1.36 0.81 1.23 1.09 0.98 1.1 1.51 1.53 1.59 1.57 1.39 1.66 1.08 1.34 2.0 2.01 2.03 2.41 0.63 1.36 1.3 1.4 1.42 1.45 1.47 1.63 1.52 1.51 1.29 1.39 1.5 1.05 1.41 1.22 1.94 1.94 1.95 1.68 1.69 2.25 1.91 2.18 2.01 2.53 1.58 3.19 3.17 2.86 2.4 2.55 2.3 2.29 2.4 2.38 2.49 2.5
0.11 0.74 0.29 0.03 0.0 0.02 0.81 0.39 0.95 0.91 0.9 1.56 0.93 0.95 1.04 1.07 1.09 1.62 1.63 1.23 1.3 1.72 1.55 1.09 0.99 1.39 0.8 1.26 1.11 1.01 1.13 1.54 1.56 1.62 1.6 1.42 1.68 1.11 1.37 2.03 2.04 2.06 2.44 0.65 1.38 1.33 1.43 1.45 1.48 1.5 1.66 1.54 1.54 1.32 1.42 1.53 1.08 1.44 1.25 1.97 1.97 1.98 1.71 1.72 2.28 1.93 2.21 2.04 2.56 1.61 3.22 3.2 2.89 2.43 2.58 2.33 2.32 2.43 2.41 2.52 2.53
0.11 0.72 0.26 0.01 0.02 0.0 0.83 0.37 0.92 0.89 0.88 1.54 0.91 0.93 1.02 1.05 1.07 1.6 1.61 1.21 1.28 1.7 1.53 1.07 0.97 1.36 0.82 1.23 1.09 0.98 1.11 1.52 1.54 1.6 1.58 1.39 1.66 1.09 1.34 2.01 2.01 2.04 2.41 0.63 1.36 1.31 1.41 1.43 1.46 1.48 1.63 1.52 1.52 1.3 1.4 1.51 1.05 1.41 1.23 1.95 1.94 1.96 1.69 1.7 2.26 1.91 2.19 2.01 2.54 1.59 3.2 3.18 2.87 2.41 2.56 2.3 2.3 2.4 2.39 2.49 2.51
0.72 0.43 0.72 0.82 0.81 0.83 0.0 0.63 0.42 0.38 0.11 1.25 0.41 0.43 0.4 0.49 0.79 1.32 1.33 0.92 0.99 1.42 1.24 0.57 0.46 0.86 0.53 0.59 0.45 0.34 0.61 0.87 0.89 0.95 0.93 0.75 1.02 0.58 0.84 1.72 1.73 1.75 2.13 0.81 0.86 0.8 0.9 0.92 0.95 0.98 1.13 1.02 1.01 0.8 0.89 1.22 0.55 0.91 0.73 1.66 1.65 1.63 1.41 1.41 1.75 1.63 1.69 1.73 2.25 1.08 2.91 2.9 2.58 2.13 2.27 2.02 2.01 2.12 2.1 2.21 2.23
0.28 0.37 0.13 0.36 0.39 0.37 0.63 0.0 0.57 0.54 0.52 1.19 0.56 0.58 0.67 0.7 0.72 1.25 1.26 0.86 0.92 1.35 1.17 0.72 0.62 1.01 0.94 0.88 0.74 0.63 0.76 1.17 1.19 1.25 1.23 1.04 1.31 0.73 0.99 1.66 1.66 1.69 2.06 0.47 1.01 0.95 1.06 1.08 1.11 1.13 1.28 1.17 1.17 0.95 1.05 1.16 0.7 1.06 0.88 1.6 1.59 1.61 1.34 1.35 1.91 1.56 1.84 1.66 2.19 1.24 2.84 2.83 2.52 2.06 2.21 1.95 1.95 2.05 2.04 2.14 2.16
0.84 0.37 0.66 0.92 0.95 0.92 0.42 0.57 0.0 0.04 0.31 1.2 0.03 0.04 0.19 0.16 0.73 1.26 1.27 0.86 0.93 1.36 1.18 0.18 0.08 0.48 0.72 0.51 0.28 0.42 0.22 0.95 0.98 1.03 1.01 0.83 1.1 0.2 0.46 1.66 1.67 1.7 2.07 0.75 0.47 0.42 0.52 0.54 0.57 0.59 0.75 0.63 0.63 0.41 0.51 1.16 0.17 0.53 0.34 1.28 1.26 1.25 1.35 1.35 1.37 1.39 1.3 1.67 2.2 0.7 2.85 2.84 2.53 2.07 2.22 1.96 1.95 2.06 2.04 2.15 2.17
0.81 0.34 0.62 0.88 0.91 0.89 0.38 0.54 0.04 0.0 0.27 1.16 0.02 0.04 0.19 0.16 0.69 1.22 1.23 0.83 0.89 1.32 1.14 0.18 0.08 0.48 0.69 0.51 0.28 0.38 0.22 0.92 0.94 1.0 0.98 0.79 1.06 0.2 0.46 1.63 1.63 1.66 2.03 0.71 0.47 0.42 0.52 0.54 0.57 0.59 0.75 0.63 0.63 0.41 0.51 1.13 0.17 0.53 0.34 1.28 1.26 1.25 1.31 1.32 1.37 1.39 1.3 1.63 2.16 0.7 2.81 2.8 2.49 2.03 2.18 1.92 1.92 2.02 2.01 2.11 2.13
0.79 0.32 0.61 0.87 0.9 0.88 0.11 0.52 0.31 0.27 0.0 1.15 0.3 0.32 0.29 0.38 0.68 1.21 1.22 0.81 0.88 1.31 1.13 0.46 0.35 0.75 0.41 0.48 0.34 0.23 0.5 0.76 0.79 0.84 0.82 0.64 0.91 0.47 0.73 1.61 1.62 1.65 2.02 0.7 0.75 0.69 0.79 0.82 0.84 0.87 1.02 0.91 0.9 0.69 0.78 1.11 0.44 0.8 0.62 1.55 1.54 1.52 1.3 1.31 1.64 1.52 1.58 1.62 2.15 0.97 2.8 2.79 2.48 2.02 2.17 1.91 1.9 2.01 2.0 2.1 2.12
1.46 0.99 1.28 1.53 1.56 1.54 1.25 1.19 1.2 1.16 1.15 0.0 1.18 1.2 1.29 1.32 0.73 0.33 0.12 0.87 1.04 0.99 0.01 1.34 1.24 1.63 1.56 1.5 1.36 1.26 1.34 1.79 1.81 1.87 1.85 1.66 1.93 1.36 1.62 1.28 1.15 1.31 2.01 1.36 1.53 1.58 1.68 1.7 1.73 1.75 1.52 1.03 1.5 1.29 1.31 1.23 1.32 1.3 1.5 0.41 0.4 0.42 1.01 1.0 2.53 0.37 2.46 1.03 1.66 1.86 1.66 1.64 1.92 0.87 1.02 0.77 0.76 0.86 0.93 0.95 0.97
0.83 0.36 0.65 0.91 0.93 0.91 0.41 0.56 0.03 0.02 0.3 1.18 0.0 0.03 0.17 0.14 0.72 1.25 1.26 0.85 0.92 1.35 1.17 0.17 0.06 0.46 0.71 0.49 0.26 0.41 0.21 0.94 0.97 1.02 1.0 0.82 1.09 0.18 0.44 1.65 1.66 1.68 2.06 0.74 0.46 0.4 0.5 0.52 0.55 0.58 0.73 0.62 0.61 0.4 0.49 1.15 0.15 0.51 0.33 1.26 1.25 1.23 1.33 1.34 1.35 1.37 1.29 1.66 2.18 0.68 2.84 2.83 2.51 2.06 2.2 1.95 1.94 2.05 2.03 2.14 2.15
0.85 0.38 0.67 0.92 0.95 0.93 0.43 0.58 0.04 0.04 0.32 1.2 0.03 0.0 0.19 0.16 0.73 1.26 1.27 0.87 0.94 1.36 1.19 0.18 0.08 0.48 0.73 0.51 0.28 0.43 0.22 0.96 0.98 1.04 1.02 0.84 1.1 0.2 0.46 1.67 1.68 1.7 2.08 0.76 0.47 0.42 0.52 0.54 0.57 0.59 0.75 0.63 0.63 0.41 0.51 1.17 0.17 0.53 0.34 1.28 1.26 1.25 1.35 1.36 1.37 1.39 1.3 1.68 2.2 0.7 2.86 2.84 2.53 2.07 2.22 1.97 1.96 2.06 2.05 2.15 2.17
0.94 0.47 0.75 1.01 1.04 1.02 0.4 0.67 0.19 0.19 0.29 1.29 0.17 0.19 0.0 0.17 0.82 1.35 1.36 0.96 1.02 1.45 1.28 0.23 0.23 0.52 0.7 0.52 0.29 0.4 0.37 0.93 0.95 1.01 0.99 0.81 1.08 0.34 0.53 1.76 1.76 1.79 2.16 0.84 0.62 0.57 0.67 0.69 0.72 0.74 0.89 0.78 0.78 0.56 0.66 1.26 0.31 0.67 0.49 1.42 1.41 1.4 1.44 1.45 1.52 1.53 1.45 1.76 2.29 0.74 2.94 2.93 2.62 2.16 2.31 2.05 2.05 2.15 2.14 2.24 2.26
0.96 0.5 0.78 1.04 1.07 1.05 0.49 0.7 0.16 0.16 0.38 1.32 0.14 0.16 0.17 0.0 0.85 1.38 1.39 0.99 1.05 1.48 1.3 0.19 0.2 0.48 0.79 0.35 0.12 0.48 0.34 1.01 1.04 1.09 1.07 0.89 1.16 0.31 0.49 1.79 1.79 1.82 2.19 0.87 0.59 0.53 0.64 0.66 0.68 0.71 0.86 0.75 0.74 0.53 0.62 1.28 0.28 0.64 0.46 1.39 1.38 1.36 1.47 1.48 1.48 1.5 1.42 1.79 2.32 0.71 2.97 2.96 2.65 2.19 2.34 2.08 2.07 2.18 2.17 2.27 2.29
0.99 0.52 0.81 1.07 1.09 1.07 0.79 0.72 0.73 0.69 0.68 0.73 0.72 0.73 0.82 0.85 0.0 0.8 0.81 0.14 0.3 0.65 0.72 0.88 0.77 1.17 1.09 1.04 0.9 0.79 0.91 1.32 1.34 1.4 1.38 1.2 1.47 0.89 1.15 0.96 0.97 0.99 1.43 0.9 1.17 1.11 1.21 1.23 1.26 1.28 1.44 1.33 1.32 1.1 1.2 0.52 0.86 1.22 1.03 1.14 1.14 1.15 0.64 0.65 2.06 1.11 2.0 1.05 1.49 1.39 2.24 2.23 1.82 1.6 1.75 1.5 1.49 1.6 1.46 1.69 1.7
1.52 1.05 1.34 1.6 1.62 1.6 1.32 1.25 1.26 1.22 1.21 0.33 1.25 1.26 1.35 1.38 0.8 0.0 0.23 0.93 1.1 1.27 0.32 1.41 1.3 1.7 1.62 1.57 1.43 1.32 1.44 1.85 1.88 1.93 1.91 1.73 2.0 1.42 1.68 1.57 1.44 1.6 2.2 1.43 1.7 1.64 1.74 1.76 1.79 1.82 1.85 1.36 1.83 1.61 1.64 1.29 1.39 1.63 1.57 0.74 0.73 0.75 1.29 1.28 2.59 0.7 2.53 1.33 1.95 1.92 1.99 1.97 2.24 1.2 1.35 1.09 1.09 1.19 1.25 1.28 1.3
1.53 1.06 1.35 1.61 1.63 1.61 1.33 1.26 1.27 1.23 1.22 0.12 1.26 1.27 1.36 1.39 0.81 0.23 0.0 0.94 1.11 1.06 0.11 1.42 1.31 1.71 1.63 1.58 1.44 1.33 1.45 1.86 1.88 1.94 1.92 1.74 2.01 1.43 1.69 1.36 1.24 1.39 2.09 1.44 1.65 1.65 1.75 1.77 1.8 1.82 1.64 1.15 1.62 1.41 1.43 1.3 1.4 1.42 1.57 0.53 0.53 0.54 1.08 1.07 2.6 0.49 2.54 1.12 1.74 1.93 1.78 1.76 2.03 0.99 1.14 0.89 0.88 0.98 1.05 1.07 1.09
1.13 0.66 0.94 1.2 1.23 1.21 0.92 0.86 0.86 0.83 0.81 0.87 0.85 0.87 0.96 0.99 0.14 0.93 0.94 0.0 0.17 0.56 0.85 1.01 0.9 1.3 1.23 1.17 1.03 0.92 1.05 1.46 1.48 1.54 1.52 1.33 1.6 1.02 1.28 0.86 0.87 0.89 1.29 1.03 1.3 1.24 1.35 1.37 1.4 1.42 1.57 1.46 1.46 1.24 1.34 0.38 0.99 1.35 1.17 1.28 1.27 1.29 0.54 0.55 2.2 1.24 2.13 0.95 1.39 1.53 2.14 2.13 1.72 1.74 1.89 1.63 1.62 1.73 1.53 1.8 1.82
1.19 0.72 1.01 1.27 1.3 1.28 0.99 0.92 0.93 0.89 0.88 1.04 0.92 0.94 1.02 1.05 0.3 1.1 1.11 0.17 0.0 0.6 1.02 1.08 0.97 1.37 1.29 1.24 1.1 0.99 1.12 1.52 1.55 1.6 1.58 1.4 1.67 1.09 1.35 0.91 0.91 0.79 1.14 1.1 1.37 1.31 1.41 1.43 1.46 1.49 1.64 1.53 1.52 1.31 1.4 0.23 1.06 1.42 1.24 1.44 1.44 1.45 0.59 0.6 2.26 1.41 2.2 1.0 1.44 1.59 2.18 2.17 1.77 1.91 2.06 1.75 1.74 1.9 1.57 1.84 1.86
1.62 1.15 1.44 1.69 1.72 1.7 1.42 1.35 1.36 1.32 1.31 0.99 1.35 1.36 1.45 1.48 0.65 1.27 1.06 0.56 0.6 0.0 0.97 1.5 1.4 1.8 1.72 1.67 1.52 1.42 1.54 1.95 1.97 2.03 2.01 1.83 2.09 1.52 1.78 0.34 0.34 0.37 1.08 1.53 1.79 1.74 1.84 1.86 1.89 1.91 2.07 1.95 1.95 1.73 1.83 0.76 1.49 1.85 1.66 1.4 1.39 1.4 0.02 0.01 2.69 1.36 2.62 0.42 0.86 2.02 1.61 1.6 1.19 1.36 1.54 1.17 1.16 1.38 0.99 1.27 1.29
1.44 0.97 1.26 1.52 1.55 1.53 1.24 1.17 1.18 1.14 1.13 0.01 1.17 1.19 1.28 1.3 0.72 0.32 0.11 0.85 1.02 0.97 0.0 1.33 1.22 1.62 1.54 1.49 1.35 1.24 1.35 1.77 1.8 1.85 1.83 1.65 1.92 1.34 1.6 1.26 1.14 1.29 2.0 1.35 1.54 1.56 1.66 1.69 1.71 1.74 1.54 1.05 1.52 1.3 1.32 1.22 1.31 1.31 1.49 0.42 0.42 0.43 0.99 0.98 2.51 0.39 2.45 1.02 1.64 1.84 1.67 1.66 1.93 0.89 1.03 0.78 0.77 0.88 0.94 0.97 0.98
0.99 0.52 0.81 1.07 1.09 1.07 0.57 0.72 0.18 0.18 0.46 1.34 0.17 0.18 0.23 0.19 0.88 1.41 1.42 1.01 1.08 1.5 1.33 0.0 0.22 0.29 0.87 0.54 0.31 0.57 0.36 1.1 1.12 1.18 1.16 0.98 1.25 0.34 0.52 1.81 1.82 1.84 2.22 0.9 0.61 0.56 0.66 0.68 0.71 0.73 0.89 0.78 0.77 0.55 0.65 1.31 0.31 0.67 0.48 1.42 1.4 1.39 1.49 1.5 1.51 1.53 1.44 1.82 2.34 0.67 3.0 2.99 2.67 2.21 2.36 2.11 2.1 2.21 2.19 2.3 2.31
0.88 0.42 0.7 0.96 0.99 0.97 0.46 0.62 0.08 0.08 0.35 1.24 0.06 0.08 0.23 0.2 0.77 1.3 1.31 0.9 0.97 1.4 1.22 0.22 0.0 0.51 0.76 0.55 0.32 0.46 0.16 0.99 1.02 1.07 1.05 0.87 1.14 0.14 0.48 1.7 1.71 1.74 2.11 0.79 0.41 0.36 0.46 0.48 0.51 0.53 0.68 0.57 0.56 0.35 0.44 1.2 0.11 0.46 0.28 1.21 1.2 1.18 1.39 1.4 1.31 1.32 1.24 1.71 2.24 0.73 2.87 2.85 2.57 2.08 2.23 1.98 1.97 2.08 2.09 2.17 2.18
1.28 0.81 1.1 1.36 1.39 1.36 0.86 1.01 0.48 0.48 0.75 1.63 0.46 0.48 0.52 0.48 1.17 1.7 1.71 1.3 1.37 1.8 1.62 0.29 0.51 0.0 1.16 0.84 0.61 0.86 0.65 1.39 1.42 1.47 1.45 1.27 1.54 0.63 0.81 2.1 2.11 2.13 2.51 1.19 0.91 0.85 0.95 0.97 1.0 1.02 1.18 1.07 1.06 0.84 0.94 1.6 0.6 0.96 0.77 1.71 1.7 1.68 1.78 1.79 1.8 1.82 1.74 2.11 2.63 0.48 3.29 3.28 2.96 2.51 2.65 2.4 2.39 2.5 2.48 2.59 2.6
0.71 0.74 0.83 0.81 0.8 0.82 0.53 0.94 0.72 0.69 0.41 1.56 0.71 0.73 0.7 0.79 1.09 1.62 1.63 1.23 1.29 1.72 1.54 0.87 0.76 1.16 0.0 0.89 0.75 0.44 0.91 1.17 1.08 1.14 1.12 0.93 1.2 0.88 1.14 2.03 2.03 2.06 2.43 1.11 1.16 1.1 1.21 1.23 1.26 1.28 1.43 1.32 1.32 1.1 1.2 1.53 0.85 1.21 1.03 1.96 1.95 1.94 1.71 1.72 2.06 1.93 1.99 2.03 2.56 1.39 3.21 3.2 2.89 2.43 2.58 2.32 2.32 2.42 2.41 2.51 2.53
1.15 0.68 0.97 1.23 1.26 1.23 0.59 0.88 0.51 0.51 0.48 1.5 0.49 0.51 0.52 0.35 1.04 1.57 1.58 1.17 1.24 1.67 1.49 0.54 0.55 0.84 0.89 0.0 0.23 0.53 0.69 0.68 0.97 1.02 1.0 0.82 1.09 0.66 0.84 1.97 1.98 2.0 2.38 1.06 0.94 0.88 0.99 1.01 1.04 1.06 1.21 1.1 1.1 0.88 0.97 1.47 0.63 0.99 0.81 1.74 1.73 1.72 1.66 1.66 1.83 1.85 1.77 1.98 2.5 1.02 3.16 3.15 2.83 2.38 2.52 2.27 2.26 2.37 2.35 2.46 2.47
1.01 0.54 0.83 1.09 1.11 1.09 0.45 0.74 0.28 0.28 0.34 1.36 0.26 0.28 0.29 0.12 0.9 1.43 1.44 1.03 1.1 1.52 1.35 0.31 0.32 0.61 0.75 0.23 0.0 0.43 0.46 0.91 0.98 1.04 1.02 0.84 1.1 0.43 0.61 1.83 1.84 1.86 2.24 0.92 0.71 0.65 0.76 0.78 0.8 0.83 0.98 0.87 0.86 0.65 0.74 1.33 0.4 0.76 0.58 1.51 1.5 1.49 1.51 1.52 1.6 1.62 1.54 1.84 2.36 0.79 3.02 3.01 2.69 2.23 2.38 2.13 2.12 2.23 2.21 2.32 2.33
0.9 0.43 0.72 0.98 1.01 0.98 0.34 0.63 0.42 0.38 0.23 1.26 0.41 0.43 0.4 0.48 0.79 1.32 1.33 0.92 0.99 1.42 1.24 0.57 0.46 0.86 0.44 0.53 0.43 0.0 0.61 0.82 0.79 0.84 0.82 0.64 0.91 0.58 0.84 1.72 1.73 1.76 2.13 0.81 0.86 0.8 0.9 0.92 0.95 0.98 1.13 1.02 1.01 0.8 0.89 1.22 0.55 0.91 0.73 1.66 1.65 1.63 1.41 1.41 1.75 1.63 1.69 1.73 2.26 1.08 2.91 2.9 2.58 2.13 2.28 2.02 2.01 2.12 2.1 2.21 2.23
1.03 0.56 0.85 1.1 1.13 1.11 0.61 0.76 0.22 0.22 0.5 1.34 0.21 0.22 0.37 0.34 0.91 1.44 1.45 1.05 1.12 1.54 1.35 0.36 0.16 0.65 0.91 0.69 0.46 0.61 0.0 1.14 1.16 1.22 1.2 1.02 1.28 0.25 0.59 1.85 1.86 1.88 2.26 0.94 0.41 0.47 0.57 0.59 0.62 0.65 0.68 0.57 0.56 0.35 0.44 1.35 0.22 0.46 0.4 1.21 1.2 1.18 1.53 1.54 1.42 1.32 1.36 1.86 2.38 0.88 2.87 2.86 2.71 2.08 2.23 1.98 1.97 2.08 2.14 2.17 2.18
1.43 0.97 1.25 1.51 1.54 1.52 0.87 1.17 0.95 0.92 0.76 1.79 0.94 0.96 0.93 1.01 1.32 1.85 1.86 1.46 1.52 1.95 1.77 1.1 0.99 1.39 1.17 0.68 0.91 0.82 1.14 0.0 0.51 0.86 0.86 0.64 0.44 1.11 1.37 2.26 2.26 2.29 2.66 1.34 1.39 1.33 1.44 1.46 1.49 1.51 1.66 1.55 1.55 1.33 1.42 1.75 1.08 1.44 1.26 2.19 2.18 2.17 1.94 1.95 2.28 2.16 2.22 2.26 2.79 1.55 3.44 3.43 3.12 2.66 2.81 2.55 2.54 2.65 2.64 2.74 2.76
1.46 0.99 1.28 1.53 1.56 1.54 0.89 1.19 0.98 0.94 0.79 1.81 0.97 0.98 0.95 1.04 1.34 1.88 1.88 1.48 1.55 1.97 1.8 1.12 1.02 1.42 1.08 0.97 0.98 0.79 1.16 0.51 0.0 0.37 0.36 0.15 0.12 1.14 1.4 2.28 2.29 2.31 2.69 1.37 1.41 1.36 1.46 1.48 1.51 1.53 1.69 1.57 1.57 1.35 1.45 1.78 1.11 1.47 1.28 2.22 2.2 2.19 1.96 1.97 2.31 2.18 2.24 2.29 2.81 1.64 3.47 3.45 3.14 2.68 2.83 2.58 2.57 2.68 2.66 2.77 2.78
1.52 1.05 1.33 1.59 1.62 1.6 0.95 1.25 1.03 1.0 0.84 1.87 1.02 1.04 1.01 1.09 1.4 1.93 1.94 1.54 1.6 2.03 1.85 1.18 1.07 1.47 1.14 1.02 1.04 0.84 1.22 0.86 0.37 0.0 0.02 0.24 0.49 1.19 1.45 2.34 2.34 2.37 2.74 1.42 1.47 1.41 1.52 1.54 1.57 1.59 1.74 1.63 1.63 1.41 1.51 1.84 1.16 1.52 1.34 2.27 2.26 2.25 2.02 2.03 2.37 2.24 2.3 2.34 2.87 1.7 3.52 3.51 3.2 2.74 2.89 2.63 2.63 2.73 2.72 2.82 2.84
1.5 1.03 1.31 1.57 1.6 1.58 0.93 1.23 1.01 0.98 0.82 1.85 1.0 1.02 0.99 1.07 1.38 1.91 1.92 1.52 1.58 2.01 1.83 1.16 1.05 1.45 1.12 1.0 1.02 0.82 1.2 0.86 0.36 0.02 0.0 0.22 0.48 1.17 1.43 2.32 2.32 2.35 2.72 1.4 1.45 1.39 1.5 1.52 1.55 1.57 1.72 1.61 1.61 1.39 1.49 1.82 1.14 1.5 1.32 2.25 2.24 2.23 2.0 2.01 2.35 2.22 2.28 2.32 2.85 1.68 3.5 3.49 3.18 2.72 2.87 2.61 2.61 2.71 2.7 2.8 2.82
1.31 0.84 1.13 1.39 1.42 1.39 0.75 1.04 0.83 0.79 0.64 1.66 0.82 0.84 0.81 0.89 1.2 1.73 1.74 1.33 1.4 1.83 1.65 0.98 0.87 1.27 0.93 0.82 0.84 0.64 1.02 0.64 0.15 0.24 0.22 0.0 0.27 0.99 1.25 2.13 2.14 2.16 2.54 1.22 1.27 1.21 1.31 1.33 1.36 1.39 1.54 1.43 1.42 1.21 1.3 1.63 0.96 1.32 1.14 2.07 2.06 2.04 1.82 1.82 2.16 2.04 2.1 2.14 2.66 1.49 3.32 3.31 2.99 2.54 2.68 2.43 2.42 2.53 2.51 2.62 2.63
1.58 1.11 1.4 1.66 1.68 1.66 1.02 1.31 1.1 1.06 0.91 1.93 1.09 1.1 1.08 1.16 1.47 2.0 2.01 1.6 1.67 2.09 1.92 1.25 1.14 1.54 1.2 1.09 1.1 0.91 1.28 0.44 0.12 0.49 0.48 0.27 0.0 1.26 1.52 2.4 2.41 2.43 2.81 1.49 1.54 1.48 1.58 1.6 1.63 1.65 1.81 1.7 1.69 1.47 1.57 1.9 1.23 1.59 1.41 2.34 2.33 2.31 2.08 2.09 2.43 2.31 2.37 2.41 2.93 1.76 3.59 3.58 3.26 2.81 2.95 2.7 2.69 2.8 2.78 2.89 2.9
1.0 0.53 0.82 1.08 1.11 1.09 0.58 0.73 0.2 0.2 0.47 1.36 0.18 0.2 0.34 0.31 0.89 1.42 1.43 1.02 1.09 1.52 1.34 0.34 0.14 0.63 0.88 0.66 0.43 0.58 0.25 1.11 1.14 1.19 1.17 0.99 1.26 0.0 0.34 1.82 1.83 1.86 2.23 0.91 0.46 0.36 0.47 0.49 0.52 0.54 0.78 0.66 0.66 0.44 0.54 1.32 0.12 0.56 0.29 1.31 1.29 1.28 1.51 1.51 1.31 1.41 1.25 1.83 2.36 0.85 2.96 2.95 2.69 2.18 2.33 2.07 2.07 2.17 2.2 2.26 2.28
1.26 0.79 1.08 1.34 1.37 1.34 0.84 0.99 0.46 0.46 0.73 1.62 0.44 0.46 0.53 0.49 1.15 1.68 1.69 1.28 1.35 1.78 1.6 0.52 0.48 0.81 1.14 0.84 0.61 0.84 0.59 1.37 1.4 1.45 1.43 1.25 1.52 0.34 0.0 2.08 2.09 2.11 2.49 1.17 0.79 0.7 0.76 0.79 0.81 0.84 1.12 1.01 1.0 0.79 0.88 1.58 0.46 0.9 0.4 1.65 1.64 1.62 1.77 1.77 1.46 1.76 1.4 2.09 2.61 1.02 3.27 3.26 2.94 2.49 2.63 2.38 2.37 2.48 2.46 2.57 2.59
1.93 1.46 1.74 2.0 2.03 2.01 1.72 1.66 1.66 1.63 1.61 1.28 1.65 1.67 1.76 1.79 0.96 1.57 1.36 0.86 0.91 0.34 1.26 1.81 1.7 2.1 2.03 1.97 1.83 1.72 1.85 2.26 2.28 2.34 2.32 2.13 2.4 1.82 2.08 0.0 0.14 0.16 0.85 1.83 2.1 2.04 2.15 2.17 2.2 2.22 2.37 2.26 2.26 2.04 2.14 1.02 1.79 2.15 1.97 1.68 1.68 1.69 0.32 0.34 3.0 1.65 2.93 0.27 0.67 2.33 1.43 1.42 1.0 1.22 1.39 1.03 1.02 1.24 0.85 1.08 1.11
1.93 1.46 1.75 2.01 2.04 2.01 1.73 1.66 1.67 1.63 1.62 1.15 1.66 1.68 1.76 1.79 0.97 1.44 1.24 0.87 0.91 0.34 1.14 1.82 1.71 2.11 2.03 1.98 1.84 1.73 1.86 2.26 2.29 2.34 2.32 2.14 2.41 1.83 2.09 0.14 0.0 0.17 0.88 1.84 2.11 2.05 2.15 2.17 2.2 2.23 2.38 2.19 2.26 2.05 2.14 1.04 1.8 2.16 1.98 1.56 1.56 1.57 0.32 0.33 3.0 1.53 2.94 0.15 0.52 2.33 1.31 1.29 0.85 1.09 1.27 0.9 0.89 1.11 0.72 0.96 0.98
1.96 1.49 1.77 2.03 2.06 2.04 1.75 1.69 1.7 1.66 1.65 1.31 1.68 1.7 1.79 1.82 0.99 1.6 1.39 0.89 0.79 0.37 1.29 1.84 1.74 2.13 2.06 2.0 1.86 1.76 1.88 2.29 2.31 2.37 2.35 2.16 2.43 1.86 2.11 0.16 0.17 0.0 0.7 1.86 2.13 2.08 2.18 2.2 2.23 2.25 2.41 2.29 2.29 2.07 2.17 0.87 1.82 2.18 2.0 1.72 1.71 1.73 0.35 0.37 3.03 1.68 2.96 0.31 0.7 2.36 1.46 1.45 1.03 1.25 1.42 1.06 1.05 1.27 0.88 1.12 1.14
2.33 1.86 2.15 2.41 2.44 2.41 2.13 2.06 2.07 2.03 2.02 2.01 2.06 2.08 2.16 2.19 1.43 2.2 2.09 1.29 1.14 1.08 2.0 2.22 2.11 2.51 2.43 2.38 2.24 2.13 2.26 2.66 2.69 2.74 2.72 2.54 2.81 2.23 2.49 0.85 0.88 0.7 0.0 2.24 2.51 2.45 2.55 2.57 2.6 2.63 2.78 2.67 2.66 2.45 2.54 0.91 2.2 2.56 2.38 2.42 2.42 2.43 1.05 1.07 3.4 2.38 3.34 1.01 1.4 2.73 2.17 2.15 1.73 1.95 2.13 1.76 1.75 1.97 1.58 1.82 1.84
0.73 0.54 0.6 0.63 0.65 0.63 0.81 0.47 0.75 0.71 0.7 1.36 0.74 0.76 0.84 0.87 0.9 1.43 1.44 1.03 1.1 1.53 1.35 0.9 0.79 1.19 1.11 1.06 0.92 0.81 0.94 1.34 1.37 1.42 1.4 1.22 1.49 0.91 1.17 1.83 1.84 1.86 2.24 0.0 1.19 1.13 1.23 1.25 1.28 1.31 1.46 1.35 1.34 1.13 1.22 1.33 0.88 1.24 1.06 1.77 1.77 1.78 1.52 1.52 2.08 1.74 2.02 1.84 2.36 1.41 3.02 3.01 2.69 2.24 2.38 2.13 2.12 2.23 2.21 2.32 2.33
1.28 0.81 1.1 1.36 1.38 1.36 0.86 1.01 0.47 0.47 0.75 1.53 0.46 0.47 0.62 0.59 1.17 1.7 1.65 1.3 1.37 1.79 1.54 0.61 0.41 0.91 1.16 0.94 0.71 0.86 0.41 1.39 1.41 1.47 1.45 1.27 1.54 0.46 0.79 2.1 2.11 2.13 2.51 1.19 0.0 0.15 0.34 0.34 0.37 0.39 0.44 0.5 0.32 0.26 0.33 1.6 0.39 0.39 0.39 1.14 1.12 1.11 1.78 1.79 1.42 1.25 1.36 2.11 2.63 1.13 2.8 2.78 2.96 2.01 2.16 1.91 1.9 2.0 2.07 2.09 2.11
1.22 0.75 1.04 1.3 1.33 1.31 0.8 0.95 0.42 0.42 0.69 1.58 0.4 0.42 0.57 0.53 1.11 1.64 1.65 1.24 1.31 1.74 1.56 0.56 0.36 0.85 1.1 0.88 0.65 0.8 0.47 1.33 1.36 1.41 1.39 1.21 1.48 0.36 0.7 2.04 2.05 2.08 2.45 1.13 0.15 0.0 0.19 0.19 0.22 0.24 0.59 0.64 0.47 0.41 0.48 1.54 0.3 0.53 0.3 1.28 1.27 1.26 1.73 1.74 1.32 1.39 1.26 2.05 2.58 1.07 2.94 2.93 2.91 2.16 2.31 2.05 2.04 2.15 2.21 2.24 2.26
1.33 0.86 1.14 1.4 1.43 1.41 0.9 1.06 0.52 0.52 0.79 1.68 0.5 0.52 0.67 0.64 1.21 1.74 1.75 1.35 1.41 1.84 1.66 0.66 0.46 0.95 1.21 0.99 0.76 0.9 0.57 1.44 1.46 1.52 1.5 1.31 1.58 0.47 0.76 2.15 2.15 2.18 2.55 1.23 0.34 0.19 0.0 0.03 0.05 0.08 0.78 0.8 0.66 0.57 0.64 1.65 0.4 0.7 0.36 1.45 1.43 1.42 1.83 1.84 1.33 1.56 1.27 2.15 2.68 1.18 3.1 3.09 3.01 2.32 2.47 2.21 2.21 2.31 2.38 2.4 2.42
1.35 0.88 1.16 1.42 1.45 1.43 0.92 1.08 0.54 0.54 0.82 1.7 0.52 0.54 0.69 0.66 1.23 1.76 1.77 1.37 1.43 1.86 1.69 0.68 0.48 0.97 1.23 1.01 0.78 0.92 0.59 1.46 1.48 1.54 1.52 1.33 1.6 0.49 0.79 2.17 2.17 2.2 2.57 1.25 0.34 0.19 0.03 0.0 0.03 0.05 0.78 0.8 0.66 0.57 0.64 1.67 0.42 0.7 0.39 1.45 1.43 1.42 1.85 1.86 1.31 1.55 1.24 2.17 2.7 1.2 3.1 3.09 3.03 2.32 2.47 2.21 2.21 2.31 2.38 2.4 2.42
1.37 0.91 1.19 1.45 1.48 1.46 0.95 1.11 0.57 0.57 0.84 1.73 0.55 0.57 0.72 0.68 1.26 1.79 1.8 1.4 1.46 1.89 1.71 0.71 0.51 1.0 1.26 1.04 0.8 0.95 0.62 1.49 1.51 1.57 1.55 1.36 1.63 0.52 0.81 2.2 2.2 2.23 2.6 1.28 0.37 0.22 0.05 0.03 0.0 0.02 0.81 0.83 0.69 0.6 0.67 1.69 0.45 0.72 0.41 1.47 1.46 1.45 1.88 1.89 1.28 1.58 1.21 2.2 2.73 1.22 3.13 3.12 3.06 2.35 2.5 2.24 2.23 2.34 2.4 2.43 2.45
1.4 0.93 1.22 1.47 1.5 1.48 0.98 1.13 0.59 0.59 0.87 1.75 0.58 0.59 0.74 0.71 1.28 1.82 1.82 1.42 1.49 1.91 1.74 0.73 0.53 1.02 1.28 1.06 0.83 0.98 0.65 1.51 1.53 1.59 1.57 1.39 1.65 0.54 0.84 2.22 2.23 2.25 2.63 1.31 0.39 0.24 0.08 0.05 0.02 0.0 0.83 0.86 0.71 0.63 0.69 1.72 0.47 0.75 0.44 1.5 1.49 1.47 1.9 1.91 1.27 1.61 1.21 2.23 2.75 1.25 3.16 3.14 3.08 2.37 2.52 2.27 2.26 2.36 2.43 2.45 2.47
1.55 1.08 1.37 1.63 1.66 1.63 1.13 1.28 0.75 0.75 1.02 1.52 0.73 0.75 0.89 0.86 1.44 1.85 1.64 1.57 1.64 2.07 1.54 0.89 0.68 1.18 1.43 1.21 0.98 1.13 0.68 1.66 1.69 1.74 1.72 1.54 1.81 0.78 1.12 2.37 2.38 2.41 2.78 1.46 0.44 0.59 0.78 0.78 0.81 0.83 0.0 0.5 0.22 0.33 0.33 1.87 0.73 0.59 0.84 1.13 1.12 1.1 2.06 2.06 1.86 1.24 1.8 2.38 2.91 1.4 2.79 2.78 3.05 2.01 2.15 1.9 1.89 2.0 2.06 2.09 2.1
1.44 0.97 1.26 1.52 1.54 1.52 1.02 1.17 0.63 0.63 0.91 1.03 0.62 0.63 0.78 0.75 1.33 1.36 1.15 1.46 1.53 1.95 1.05 0.78 0.57 1.07 1.32 1.1 0.87 1.02 0.57 1.55 1.57 1.63 1.61 1.43 1.7 0.66 1.01 2.26 2.19 2.29 2.67 1.35 0.5 0.64 0.8 0.8 0.83 0.86 0.5 0.0 0.47 0.25 0.28 1.76 0.61 0.35 0.81 0.64 0.63 0.62 1.94 1.95 1.83 0.75 1.77 2.07 2.69 1.29 2.3 2.29 2.56 1.52 1.66 1.41 1.4 1.51 1.57 1.6 1.61
1.43 0.97 1.25 1.51 1.54 1.52 1.01 1.17 0.63 0.63 0.9 1.5 0.61 0.63 0.78 0.74 1.32 1.83 1.62 1.46 1.52 1.95 1.52 0.77 0.56 1.06 1.32 1.1 0.86 1.01 0.56 1.55 1.57 1.63 1.61 1.42 1.69 0.66 1.0 2.26 2.26 2.29 2.66 1.34 0.32 0.47 0.66 0.66 0.69 0.71 0.22 0.47 0.0 0.22 0.28 1.75 0.61 0.47 0.72 1.11 1.1 1.08 1.94 1.95 1.74 1.22 1.68 2.26 2.79 1.28 2.77 2.75 3.03 1.98 2.13 1.88 1.87 1.98 2.04 2.07 2.08
1.22 0.75 1.04 1.29 1.32 1.3 0.8 0.95 0.41 0.41 0.69 1.29 0.4 0.41 0.56 0.53 1.1 1.61 1.41 1.24 1.31 1.73 1.3 0.55 0.35 0.84 1.1 0.88 0.65 0.8 0.35 1.33 1.35 1.41 1.39 1.21 1.47 0.44 0.79 2.04 2.05 2.07 2.45 1.13 0.26 0.41 0.57 0.57 0.6 0.63 0.33 0.25 0.22 0.0 0.1 1.54 0.39 0.26 0.59 0.89 0.88 0.87 1.72 1.73 1.61 1.0 1.55 2.05 2.57 1.07 2.55 2.54 2.82 1.77 1.92 1.66 1.65 1.76 1.82 1.85 1.87
1.31 0.85 1.13 1.39 1.42 1.4 0.89 1.05 0.51 0.51 0.78 1.31 0.49 0.51 0.66 0.62 1.2 1.64 1.43 1.34 1.4 1.83 1.32 0.65 0.44 0.94 1.2 0.97 0.74 0.89 0.44 1.42 1.45 1.51 1.49 1.3 1.57 0.54 0.88 2.14 2.14 2.17 2.54 1.22 0.33 0.48 0.64 0.64 0.67 0.69 0.33 0.28 0.28 0.1 0.0 1.63 0.49 0.31 0.66 0.91 0.9 0.89 1.82 1.83 1.69 1.02 1.62 2.14 2.67 1.16 2.57 2.56 2.84 1.79 1.94 1.68 1.67 1.78 1.84 1.87 1.89
1.42 0.96 1.24 1.5 1.53 1.51 1.22 1.16 1.16 1.13 1.11 1.23 1.15 1.17 1.26 1.28 0.52 1.29 1.3 0.38 0.23 0.76 1.22 1.31 1.2 1.6 1.53 1.47 1.33 1.22 1.35 1.75 1.78 1.84 1.82 1.63 1.9 1.32 1.58 1.02 1.04 0.87 0.91 1.33 1.6 1.54 1.65 1.67 1.69 1.72 1.87 1.76 1.75 1.54 1.63 0.0 1.29 1.65 1.47 1.64 1.63 1.65 0.75 0.76 2.49 1.6 2.43 1.16 1.57 1.82 2.33 2.32 1.9 2.1 2.25 1.91 1.9 2.09 1.73 1.98 2.01
0.97 0.5 0.79 1.05 1.08 1.05 0.55 0.7 0.17 0.17 0.44 1.32 0.15 0.17 0.31 0.28 0.86 1.39 1.4 0.99 1.06 1.49 1.31 0.31 0.11 0.6 0.85 0.63 0.4 0.55 0.22 1.08 1.11 1.16 1.14 0.96 1.23 0.12 0.46 1.79 1.8 1.82 2.2 0.88 0.39 0.3 0.4 0.42 0.45 0.47 0.73 0.61 0.61 0.39 0.49 1.29 0.0 0.51 0.22 1.26 1.24 1.23 1.48 1.48 1.25 1.37 1.18 1.8 2.32 0.82 2.91 2.9 2.65 2.13 2.28 2.02 2.02 2.12 2.17 2.21 2.23
1.33 0.86 1.15 1.41 1.44 1.41 0.91 1.06 0.53 0.53 0.8 1.3 0.51 0.53 0.67 0.64 1.22 1.63 1.42 1.35 1.42 1.85 1.31 0.67 0.46 0.96 1.21 0.99 0.76 0.91 0.46 1.44 1.47 1.52 1.5 1.32 1.59 0.56 0.9 2.15 2.16 2.18 2.56 1.24 0.39 0.53 0.7 0.7 0.72 0.75 0.59 0.35 0.47 0.26 0.31 1.65 0.51 0.0 0.7 0.91 0.89 0.88 1.83 1.84 1.73 1.02 1.66 2.16 2.68 1.18 2.57 2.55 2.83 1.78 1.93 1.68 1.67 1.77 1.84 1.86 1.88
1.15 0.68 0.97 1.22 1.25 1.23 0.73 0.88 0.34 0.34 0.62 1.5 0.33 0.34 0.49 0.46 1.03 1.57 1.57 1.17 1.24 1.66 1.49 0.48 0.28 0.77 1.03 0.81 0.58 0.73 0.4 1.26 1.28 1.34 1.32 1.14 1.41 0.29 0.4 1.97 1.98 2.0 2.38 1.06 0.39 0.3 0.36 0.39 0.41 0.44 0.84 0.81 0.72 0.59 0.66 1.47 0.22 0.7 0.0 1.45 1.44 1.42 1.65 1.66 1.06 1.56 1.0 1.98 2.5 1.0 3.11 3.1 2.83 2.33 2.47 2.22 2.21 2.32 2.35 2.41 2.42
1.87 1.4 1.68 1.94 1.97 1.95 1.66 1.6 1.28 1.28 1.55 0.41 1.26 1.28 1.42 1.39 1.14 0.74 0.53 1.28 1.44 1.4 0.42 1.42 1.21 1.71 1.96 1.74 1.51 1.66 1.21 2.19 2.22 2.27 2.25 2.07 2.34 1.31 1.65 1.68 1.56 1.72 2.42 1.77 1.14 1.28 1.45 1.45 1.47 1.5 1.13 0.64 1.11 0.89 0.91 1.64 1.26 0.91 1.45 0.0 0.02 0.03 1.42 1.41 2.48 0.13 2.41 1.44 2.07 1.93 1.68 1.66 1.94 0.89 1.04 0.79 0.78 0.88 0.95 0.97 0.99
1.86 1.39 1.68 1.94 1.97 1.94 1.65 1.59 1.26 1.26 1.54 0.4 1.25 1.26 1.41 1.38 1.14 0.73 0.53 1.27 1.44 1.39 0.42 1.4 1.2 1.7 1.95 1.73 1.5 1.65 1.2 2.18 2.2 2.26 2.24 2.06 2.33 1.29 1.64 1.68 1.56 1.71 2.42 1.77 1.12 1.27 1.43 1.43 1.46 1.49 1.12 0.63 1.1 0.88 0.9 1.63 1.24 0.89 1.44 0.02 0.0 0.01 1.41 1.4 2.46 0.12 2.4 1.44 2.06 1.92 1.67 1.66 1.94 0.89 1.04 0.78 0.77 0.88 0.94 0.97 0.99
1.88 1.41 1.69 1.95 1.98 1.96 1.63 1.61 1.25 1.25 1.52 0.42 1.23 1.25 1.4 1.36 1.15 0.75 0.54 1.29 1.45 1.4 0.43 1.39 1.18 1.68 1.94 1.72 1.49 1.63 1.18 2.17 2.19 2.25 2.23 2.04 2.31 1.28 1.62 1.69 1.57 1.73 2.43 1.78 1.11 1.26 1.42 1.42 1.45 1.47 1.1 0.62 1.08 0.87 0.89 1.65 1.23 0.88 1.42 0.03 0.01 0.0 1.43 1.42 2.45 0.14 2.39 1.45 2.08 1.9 1.68 1.67 1.95 0.9 1.05 0.79 0.79 0.89 0.96 0.98 1.0
1.61 1.14 1.43 1.68 1.71 1.69 1.41 1.34 1.35 1.31 1.3 1.01 1.33 1.35 1.44 1.47 0.64 1.29 1.08 0.54 0.59 0.02 0.99 1.49 1.39 1.78 1.71 1.66 1.51 1.41 1.53 1.94 1.96 2.02 2.0 1.82 2.08 1.51 1.77 0.32 0.32 0.35 1.05 1.52 1.78 1.73 1.83 1.85 1.88 1.9 2.06 1.94 1.94 1.72 1.82 0.75 1.48 1.83 1.65 1.42 1.41 1.43 0.0 0.02 2.68 1.38 2.61 0.41 0.85 2.01 1.6 1.58 1.18 1.35 1.53 1.16 1.15 1.37 0.98 1.25 1.27
1.62 1.15 1.43 1.69 1.72 1.7 1.41 1.35 1.35 1.32 1.31 1.0 1.34 1.36 1.45 1.48 0.65 1.28 1.07 0.55 0.6 0.01 0.98 1.5 1.4 1.79 1.72 1.66 1.52 1.41 1.54 1.95 1.97 2.03 2.01 1.82 2.09 1.51 1.77 0.34 0.33 0.37 1.07 1.52 1.79 1.74 1.84 1.86 1.89 1.91 2.06 1.95 1.95 1.73 1.83 0.76 1.48 1.84 1.66 1.41 1.4 1.42 0.02 0.0 2.69 1.37 2.62 0.41 0.85 2.02 1.6 1.59 1.18 1.35 1.53 1.16 1.15 1.37 0.98 1.25 1.28
2.17 1.71 1.99 2.25 2.28 2.26 1.75 1.91 1.37 1.37 1.64 2.53 1.35 1.37 1.52 1.48 2.06 2.59 2.6 2.2 2.26 2.69 2.51 1.51 1.31 1.8 2.06 1.83 1.6 1.75 1.42 2.28 2.31 2.37 2.35 2.16 2.43 1.31 1.46 3.0 3.0 3.03 3.4 2.08 1.42 1.32 1.33 1.31 1.28 1.27 1.86 1.83 1.74 1.61 1.69 2.49 1.25 1.73 1.06 2.48 2.46 2.45 2.68 2.69 0.0 2.59 0.15 3.0 3.53 2.02 4.13 4.12 3.86 3.35 3.5 3.24 3.24 3.34 3.38 3.43 3.45
1.83 1.36 1.65 1.91 1.93 1.91 1.63 1.56 1.39 1.39 1.52 0.37 1.37 1.39 1.53 1.5 1.11 0.7 0.49 1.24 1.41 1.36 0.39 1.53 1.32 1.82 1.93 1.85 1.62 1.63 1.32 2.16 2.18 2.24 2.22 2.04 2.31 1.41 1.76 1.65 1.53 1.68 2.38 1.74 1.25 1.39 1.56 1.55 1.58 1.61 1.24 0.75 1.22 1.0 1.02 1.6 1.37 1.02 1.56 0.13 0.12 0.14 1.38 1.37 2.59 0.0 2.52 1.41 2.03 2.04 1.64 1.63 1.9 0.86 1.0 0.75 0.74 0.85 0.91 0.94 0.95
2.11 1.64 1.93 2.18 2.21 2.19 1.69 1.84 1.3 1.3 1.58 2.46 1.29 1.3 1.45 1.42 2.0 2.53 2.54 2.13 2.2 2.62 2.45 1.44 1.24 1.74 1.99 1.77 1.54 1.69 1.36 2.22 2.24 2.3 2.28 2.1 2.37 1.25 1.4 2.93 2.94 2.96 3.34 2.02 1.36 1.26 1.27 1.24 1.21 1.21 1.8 1.77 1.68 1.55 1.62 2.43 1.18 1.66 1.0 2.41 2.4 2.39 2.61 2.62 0.15 2.52 0.0 2.94 3.46 1.96 4.07 4.06 3.79 3.29 3.43 3.18 3.17 3.28 3.31 3.37 3.38
1.93 1.46 1.75 2.01 2.04 2.01 1.73 1.66 1.67 1.63 1.62 1.03 1.66 1.68 1.76 1.79 1.05 1.33 1.12 0.95 1.0 0.42 1.02 1.82 1.71 2.11 2.03 1.98 1.84 1.73 1.86 2.26 2.29 2.34 2.32 2.14 2.41 1.83 2.09 0.27 0.15 0.31 1.01 1.84 2.11 2.05 2.15 2.17 2.2 2.23 2.38 2.07 2.26 2.05 2.14 1.16 1.8 2.16 1.98 1.44 1.44 1.45 0.41 0.41 3.0 1.41 2.94 0.0 0.66 2.33 1.35 1.34 0.94 0.98 1.16 0.79 0.78 1.0 0.61 0.92 0.95
2.46 1.99 2.27 2.53 2.56 2.54 2.25 2.19 2.2 2.16 2.15 1.66 2.18 2.2 2.29 2.32 1.49 1.95 1.74 1.39 1.44 0.86 1.64 2.34 2.24 2.63 2.56 2.5 2.36 2.26 2.38 2.79 2.81 2.87 2.85 2.66 2.93 2.36 2.61 0.67 0.52 0.7 1.4 2.36 2.63 2.58 2.68 2.7 2.73 2.75 2.91 2.69 2.79 2.57 2.67 1.57 2.32 2.68 2.5 2.07 2.06 2.08 0.85 0.85 3.53 2.03 3.46 0.66 0.0 2.86 1.31 1.3 0.95 1.6 1.78 1.41 1.4 1.62 1.23 1.47 1.49
1.5 1.04 1.32 1.58 1.61 1.59 1.08 1.24 0.7 0.7 0.97 1.86 0.68 0.7 0.74 0.71 1.39 1.92 1.93 1.53 1.59 2.02 1.84 0.67 0.73 0.48 1.39 1.02 0.79 1.08 0.88 1.55 1.64 1.7 1.68 1.49 1.76 0.85 1.02 2.33 2.33 2.36 2.73 1.41 1.13 1.07 1.18 1.2 1.22 1.25 1.4 1.29 1.28 1.07 1.16 1.82 0.82 1.18 1.0 1.93 1.92 1.9 2.01 2.02 2.02 2.04 1.96 2.33 2.86 0.0 3.51 3.5 3.19 2.73 2.88 2.62 2.61 2.72 2.71 2.81 2.83
3.11 2.64 2.93 3.19 3.22 3.2 2.91 2.84 2.85 2.81 2.8 1.66 2.84 2.86 2.94 2.97 2.24 1.99 1.78 2.14 2.18 1.61 1.67 3.0 2.87 3.29 3.21 3.16 3.02 2.91 2.87 3.44 3.47 3.52 3.5 3.32 3.59 2.96 3.27 1.43 1.31 1.46 2.17 3.02 2.8 2.94 3.1 3.1 3.13 3.16 2.79 2.3 2.77 2.55 2.57 2.33 2.91 2.57 3.11 1.68 1.67 1.68 1.6 1.6 4.13 1.64 4.07 1.35 1.31 3.51 0.0 0.01 0.73 1.1 1.26 0.94 0.94 1.12 1.11 1.07 1.05
3.1 2.63 2.92 3.17 3.2 3.18 2.9 2.83 2.84 2.8 2.79 1.64 2.83 2.84 2.93 2.96 2.23 1.97 1.76 2.13 2.17 1.6 1.66 2.99 2.85 3.28 3.2 3.15 3.01 2.9 2.86 3.43 3.45 3.51 3.49 3.31 3.58 2.95 3.26 1.42 1.29 1.45 2.15 3.01 2.78 2.93 3.09 3.09 3.12 3.14 2.78 2.29 2.75 2.54 2.56 2.32 2.9 2.55 3.1 1.66 1.66 1.67 1.58 1.59 4.12 1.63 4.06 1.34 1.3 3.5 0.01 0.0 0.71 1.08 1.25 0.92 0.93 1.1 1.1 1.06 1.04
2.79 2.32 2.6 2.86 2.89 2.87 2.58 2.52 2.53 2.49 2.48 1.92 2.51 2.53 2.62 2.65 1.82 2.24 2.03 1.72 1.77 1.19 1.93 2.67 2.57 2.96 2.89 2.83 2.69 2.58 2.71 3.12 3.14 3.2 3.18 2.99 3.26 2.69 2.94 1.0 0.85 1.03 1.73 2.69 2.96 2.91 3.01 3.03 3.06 3.08 3.05 2.56 3.03 2.82 2.84 1.9 2.65 2.83 2.83 1.94 1.94 1.95 1.18 1.18 3.86 1.9 3.79 0.94 0.95 3.19 0.73 0.71 0.0 1.36 1.54 1.16 1.16 1.38 1.04 0.97 0.95
2.33 1.86 2.15 2.4 2.43 2.41 2.13 2.06 2.07 2.03 2.02 0.87 2.06 2.07 2.16 2.19 1.6 1.2 0.99 1.74 1.91 1.36 0.89 2.21 2.08 2.51 2.43 2.38 2.23 2.13 2.08 2.66 2.68 2.74 2.72 2.54 2.81 2.18 2.49 1.22 1.09 1.25 1.95 2.24 2.01 2.16 2.32 2.32 2.35 2.37 2.01 1.52 1.98 1.77 1.79 2.1 2.13 1.78 2.33 0.89 0.89 0.9 1.35 1.35 3.35 0.86 3.29 0.98 1.6 2.73 1.1 1.08 1.36 0.0 0.18 0.21 0.2 0.02 0.37 0.4 0.41
2.48 2.01 2.3 2.55 2.58 2.56 2.27 2.21 2.22 2.18 2.17 1.02 2.2 2.22 2.31 2.34 1.75 1.35 1.14 1.89 2.06 1.54 1.03 2.36 2.23 2.65 2.58 2.52 2.38 2.28 2.23 2.81 2.83 2.89 2.87 2.68 2.95 2.33 2.63 1.39 1.27 1.42 2.13 2.38 2.16 2.31 2.47 2.47 2.5 2.52 2.15 1.66 2.13 1.92 1.94 2.25 2.28 1.93 2.47 1.04 1.04 1.05 1.53 1.53 3.5 1.0 3.43 1.16 1.78 2.88 1.26 1.25 1.54 0.18 0.0 0.38 0.38 0.16 0.55 0.57 0.59
2.22 1.75 2.04 2.3 2.33 2.3 2.02 1.95 1.96 1.92 1.91 0.77 1.95 1.97 2.05 2.08 1.5 1.09 0.89 1.63 1.75 1.17 0.78 2.11 1.98 2.4 2.32 2.27 2.13 2.02 1.98 2.55 2.58 2.63 2.61 2.43 2.7 2.07 2.38 1.03 0.9 1.06 1.76 2.13 1.91 2.05 2.21 2.21 2.24 2.27 1.9 1.41 1.88 1.66 1.68 1.91 2.02 1.68 2.22 0.79 0.78 0.79 1.16 1.16 3.24 0.75 3.18 0.79 1.41 2.62 0.94 0.92 1.16 0.21 0.38 0.0 0.01 0.23 0.18 0.19 0.21
2.21 1.75 2.03 2.29 2.32 2.3 2.01 1.95 1.95 1.92 1.9 0.76 1.94 1.96 2.05 2.07 1.49 1.09 0.88 1.62 1.74 1.16 0.77 2.1 1.97 2.39 2.32 2.26 2.12 2.01 1.97 2.54 2.57 2.63 2.61 2.42 2.69 2.07 2.37 1.02 0.89 1.05 1.75 2.12 1.9 2.04 2.21 2.21 2.23 2.26 1.89 1.4 1.87 1.65 1.67 1.9 2.02 1.67 2.21 0.78 0.77 0.79 1.15 1.15 3.24 0.74 3.17 0.78 1.4 2.61 0.94 0.93 1.16 0.2 0.38 0.01 0.0 0.22 0.17 0.2 0.21
2.32 1.85 2.14 2.4 2.43 2.4 2.12 2.05 2.06 2.02 2.01 0.86 2.05 2.06 2.15 2.18 1.6 1.19 0.98 1.73 1.9 1.38 0.88 2.21 2.08 2.5 2.42 2.37 2.23 2.12 2.08 2.65 2.68 2.73 2.71 2.53 2.8 2.17 2.48 1.24 1.11 1.27 1.97 2.23 2.0 2.15 2.31 2.31 2.34 2.36 2.0 1.51 1.98 1.76 1.78 2.09 2.12 1.77 2.32 0.88 0.88 0.89 1.37 1.37 3.34 0.85 3.28 1.0 1.62 2.72 1.12 1.1 1.38 0.02 0.16 0.23 0.22 0.0 0.39 0.42 0.43
2.31 1.84 2.12 2.38 2.41 2.39 2.1 2.04 2.04 2.01 2.0 0.93 2.03 2.05 2.14 2.17 1.46 1.25 1.05 1.53 1.57 0.99 0.94 2.19 2.09 2.48 2.41 2.35 2.21 2.1 2.14 2.64 2.66 2.72 2.7 2.51 2.78 2.2 2.46 0.85 0.72 0.88 1.58 2.21 2.07 2.21 2.38 2.38 2.4 2.43 2.06 1.57 2.04 1.82 1.84 1.73 2.17 1.84 2.35 0.95 0.94 0.96 0.98 0.98 3.38 0.91 3.31 0.61 1.23 2.71 1.11 1.1 1.04 0.37 0.55 0.18 0.17 0.39 0.0 0.31 0.34
2.41 1.94 2.23 2.49 2.52 2.49 2.21 2.14 2.15 2.11 2.1 0.95 2.14 2.15 2.24 2.27 1.69 1.28 1.07 1.8 1.84 1.27 0.97 2.3 2.17 2.59 2.51 2.46 2.32 2.21 2.17 2.74 2.77 2.82 2.8 2.62 2.89 2.26 2.57 1.08 0.96 1.12 1.82 2.32 2.09 2.24 2.4 2.4 2.43 2.45 2.09 1.6 2.07 1.85 1.87 1.98 2.21 1.86 2.41 0.97 0.97 0.98 1.25 1.25 3.43 0.94 3.37 0.92 1.47 2.81 1.07 1.06 0.97 0.4 0.57 0.19 0.2 0.42 0.31 0.0 0.03
2.43 1.96 2.25 2.5 2.53 2.51 2.23 2.16 2.17 2.13 2.12 0.97 2.15 2.17 2.26 2.29 1.7 1.3 1.09 1.82 1.86 1.29 0.98 2.31 2.18 2.6 2.53 2.47 2.33 2.23 2.18 2.76 2.78 2.84 2.82 2.63 2.9 2.28 2.59 1.11 0.98 1.14 1.84 2.33 2.11 2.26 2.42 2.42 2.45 2.47 2.1 1.61 2.08 1.87 1.89 2.01 2.23 1.88 2.42 0.99 0.99 1.0 1.27 1.28 3.45 0.95 3.38 0.95 1.49 2.83 1.05 1.04 0.95 0.41 0.59 0.21 0.21 0.43 0.34 0.03 0.0
