0.0 2.12 2.59 4.26 5.86 3.81 2.45 3.21 4.29 2.97 2.99 2.93 5.43 3.41 3.07 4.43 2.46 2.69 3.35 3.9 3.23 2.86 3.46 2.45 3.27 4.1 3.76 5.88 2.96 3.77 2.73 5.5 2.9 4.01 4.64 4.97 2.83 2.46 3.5 2.74 4.85 4.38 3.09 1.37 2.9 3.32 3.63 2.44 5.12 4.82 4.85
3.22 0.0 2.27 3.34 4.94 4.21 2.14 4.36 3.37 2.05 2.68 2.02 4.51 1.46 4.19 3.52 3.58 3.81 2.0 2.98 3.56 3.25 4.62 2.13 4.42 4.75 4.41 4.96 4.11 4.43 3.12 5.61 1.98 3.09 5.8 5.48 3.23 2.15 4.62 1.83 5.4 3.46 4.24 2.52 3.3 3.72 4.79 3.56 5.13 5.98 5.41
2.79 1.85 0.0 4.07 5.67 2.51 0.71 2.99 4.1 2.78 0.44 2.75 5.24 1.91 2.49 4.25 1.88 2.1 1.86 3.72 1.33 1.55 3.43 0.71 3.18 3.05 2.71 5.69 2.92 2.72 1.42 5.46 2.71 3.82 4.55 4.92 1.53 0.73 2.92 2.56 4.81 4.19 2.86 2.09 1.6 2.01 3.6 1.86 5.08 4.73 4.81
4.19 2.78 3.65 0.0 2.47 5.59 3.52 5.07 2.68 1.83 4.05 1.79 2.9 3.95 4.6 1.4 4.58 4.71 4.32 0.43 4.94 4.63 4.22 3.51 3.99 4.97 4.63 2.41 4.82 4.64 4.5 3.06 1.76 1.47 5.36 3.28 4.61 3.53 4.26 1.61 2.85 1.16 4.95 3.49 4.68 5.09 4.39 4.56 2.58 5.54 2.85
5.58 4.17 5.04 1.89 0.0 6.64 4.91 5.51 2.93 2.88 5.44 2.84 2.37 5.34 5.04 0.86 5.86 5.15 5.71 2.0 6.33 6.02 4.66 4.9 4.43 5.41 5.07 1.16 5.26 5.08 5.89 3.38 2.81 1.26 5.8 3.6 6.0 4.92 4.7 3.14 3.17 2.22 5.39 4.88 6.07 6.48 4.83 5.84 2.9 5.98 3.17
3.31 3.67 2.92 5.81 6.19 0.0 2.53 3.14 5.92 4.6 2.26 4.56 7.06 3.74 2.65 6.06 2.24 2.47 3.69 5.46 1.06 1.64 2.26 2.52 1.82 1.69 1.35 5.65 2.91 1.36 1.78 4.1 4.53 5.63 3.2 3.57 1.89 2.54 1.56 4.37 3.45 6.01 3.02 3.3 1.68 0.53 2.43 2.22 3.72 3.38 3.46
2.58 3.0 2.25 5.22 6.82 2.13 0.0 2.61 5.25 3.93 1.59 3.89 6.39 3.07 2.12 5.39 1.5 1.73 3.02 4.86 1.55 1.18 3.05 1.85 2.8 2.68 2.33 6.64 2.55 2.35 1.04 5.08 3.86 4.97 4.18 4.55 1.15 0.07 2.54 3.7 4.43 5.34 2.49 2.57 1.22 1.64 3.22 1.49 4.7 4.36 4.44
1.4 2.4 1.99 4.54 6.0 1.76 1.86 0.0 4.57 3.25 2.03 3.21 5.71 2.81 1.02 4.71 0.4 0.63 2.76 4.18 1.18 0.8 1.87 1.85 1.68 2.04 1.7 5.46 1.37 1.71 0.67 3.91 3.18 4.29 3.06 3.38 0.78 1.87 1.44 3.03 3.26 4.66 1.39 1.39 0.85 1.26 2.04 0.38 3.53 3.23 3.26
4.4 2.99 3.86 1.58 2.81 5.8 3.73 5.54 0.0 1.7 4.26 1.66 2.38 4.16 5.4 1.39 4.79 5.02 4.53 1.88 5.15 4.84 5.67 3.72 5.44 6.34 6.0 3.22 5.29 6.01 4.71 4.51 1.63 0.96 6.81 4.67 4.82 3.74 5.72 1.99 4.24 1.66 5.42 3.7 4.89 5.3 5.85 4.77 3.97 6.99 4.24
3.52 2.12 2.99 2.07 3.3 4.92 2.86 4.67 1.4 0.0 3.39 0.79 2.54 3.29 4.53 1.88 3.92 4.15 3.66 1.79 4.28 3.97 4.92 2.85 4.73 5.47 5.12 3.71 4.42 5.14 3.84 4.42 0.76 1.45 6.11 4.29 3.94 2.87 4.96 1.12 4.21 2.15 4.55 2.83 4.02 4.43 5.09 3.9 3.94 6.28 4.22
2.39 1.46 0.72 3.68 5.28 2.39 0.32 2.87 3.71 2.39 0.0 2.35 4.85 1.54 2.37 3.85 1.76 1.99 1.48 3.32 1.81 1.43 3.31 0.31 3.06 2.93 2.59 5.3 2.81 2.61 1.3 5.34 2.32 3.43 4.44 4.81 1.41 0.33 2.8 2.17 4.69 3.8 2.75 1.7 1.48 1.9 3.48 1.74 4.96 4.61 4.69
3.55 2.14 3.02 2.1 3.33 4.95 2.88 4.7 1.43 0.11 3.42 0.0 2.57 3.32 4.56 1.91 3.95 4.18 3.69 1.82 4.31 4.0 4.95 2.88 4.76 5.5 5.15 3.74 4.45 5.17 3.87 4.45 0.78 1.48 6.13 4.32 3.97 2.89 4.99 1.15 4.24 2.18 4.58 2.86 4.04 4.46 5.12 3.93 3.97 6.31 4.24
4.77 3.36 4.24 1.08 1.86 6.17 4.1 5.92 2.12 2.07 4.64 2.04 0.0 4.54 5.53 0.43 5.16 5.39 4.9 1.46 5.52 5.22 5.15 4.1 4.91 5.9 5.56 2.26 5.66 5.57 5.08 3.88 2.0 0.45 6.29 3.74 5.19 4.11 5.19 2.33 3.31 1.42 5.79 4.08 5.26 5.68 5.32 5.15 3.04 6.47 3.31
2.73 1.79 0.86 4.01 5.61 2.8 0.73 3.28 4.04 2.72 1.26 2.69 5.18 0.0 2.78 4.19 2.17 2.39 1.47 3.66 2.15 1.84 3.72 0.72 3.47 3.34 3.0 5.63 3.21 3.01 1.71 5.75 2.65 3.76 4.84 5.22 1.82 0.74 3.21 2.5 5.1 4.13 3.15 2.03 1.89 2.3 3.89 2.15 5.37 5.02 5.1
1.89 2.89 2.48 5.03 5.62 2.25 2.34 0.54 5.05 3.73 2.51 3.7 6.2 3.3 0.0 5.2 0.89 0.18 3.24 4.67 1.66 1.29 1.69 2.34 1.25 1.59 1.25 5.08 1.86 1.26 1.16 3.53 3.67 4.77 2.62 3.0 1.27 2.35 0.99 3.51 2.88 5.15 0.42 1.88 1.34 1.75 1.86 0.87 3.15 2.8 2.88
5.27 3.86 4.74 1.58 1.47 6.67 4.6 6.23 2.62 2.57 5.14 2.54 2.06 5.04 5.76 0.0 5.66 5.86 5.4 1.96 6.02 5.72 5.38 4.6 5.14 6.13 5.79 1.88 5.98 5.8 5.58 3.74 2.5 0.95 6.52 4.24 5.69 4.61 5.42 2.83 3.81 1.92 6.11 4.58 5.76 6.18 5.55 5.65 3.54 6.7 3.81
2.51 3.51 3.1 5.35 5.73 2.87 2.97 1.17 5.68 4.36 3.14 4.32 6.82 3.92 0.67 5.82 0.0 0.28 3.87 4.99 2.29 1.91 1.8 2.96 1.36 1.7 1.35 5.19 2.44 1.36 1.78 3.64 4.29 5.4 2.73 3.1 1.89 2.98 1.1 4.14 2.99 5.77 1.04 2.5 1.96 2.38 1.97 1.5 3.26 2.91 2.99
2.29 3.29 2.88 5.12 5.5 2.65 2.75 0.94 5.46 4.14 2.92 4.1 6.6 3.7 0.45 5.6 1.29 0.0 3.65 4.77 2.07 1.69 1.57 2.74 1.13 1.47 1.13 4.97 2.22 1.14 1.56 3.41 4.07 5.18 2.51 2.88 1.67 2.76 0.87 3.91 2.76 5.55 0.82 2.28 1.74 2.15 1.74 1.27 3.03 2.69 2.77
2.64 1.71 0.78 3.93 5.53 2.71 0.64 3.19 3.96 2.64 1.18 2.6 5.1 1.14 2.7 4.1 2.08 2.31 0.0 3.57 2.07 1.76 3.63 0.64 3.39 3.26 2.91 5.55 3.13 2.93 1.63 5.66 2.57 3.68 4.76 5.13 1.73 0.66 3.12 2.42 5.01 4.05 3.07 1.95 1.8 2.22 3.81 2.07 5.28 4.94 5.02
4.47 3.06 3.94 1.28 2.85 5.81 3.8 4.68 3.14 2.12 4.34 2.08 3.45 4.24 4.21 1.94 4.87 4.31 4.61 0.0 5.23 4.92 3.83 3.8 3.59 4.58 4.24 2.79 4.43 4.25 4.79 3.44 2.05 2.02 4.97 2.91 4.89 3.82 3.87 1.89 3.16 1.71 4.56 3.78 4.96 5.38 4.0 4.85 2.79 5.15 3.17
2.29 2.84 2.1 5.06 6.66 1.84 1.7 2.32 5.09 3.77 1.43 3.74 6.23 2.92 1.83 5.24 1.21 1.44 2.87 4.71 0.0 0.61 2.76 1.7 2.52 2.39 2.04 6.35 2.26 2.06 0.76 4.79 3.7 4.81 3.89 4.26 0.86 1.71 2.25 3.55 4.14 5.18 2.2 2.28 0.66 1.35 2.94 1.2 4.41 4.07 4.15
2.18 2.73 1.99 4.96 6.56 1.74 1.6 2.22 4.98 3.66 1.32 3.63 6.13 2.81 1.72 5.13 1.11 1.33 2.76 4.6 0.47 0.0 2.66 1.59 2.41 2.28 1.94 6.24 2.15 1.95 0.65 4.69 3.59 4.7 3.78 4.16 0.76 1.61 2.15 3.44 4.04 5.08 2.09 2.17 0.15 1.24 2.83 1.09 4.31 3.96 4.04
2.27 3.27 2.86 5.15 5.53 2.63 2.73 0.93 5.44 4.12 2.9 4.08 6.58 3.68 0.43 5.58 1.27 0.56 3.63 4.79 2.05 1.67 0.0 2.72 1.16 1.5 1.16 4.99 2.24 1.17 1.54 3.44 4.05 5.16 2.54 2.91 1.65 2.74 0.9 3.9 2.79 5.53 0.8 2.26 1.72 2.14 0.22 1.26 3.06 2.71 2.79
2.61 3.03 2.28 5.25 6.85 2.16 0.09 2.64 5.28 3.96 1.62 3.92 6.42 3.1 2.15 5.42 1.53 1.76 3.05 4.89 1.58 1.21 3.08 0.0 2.83 2.71 2.36 6.67 2.58 2.38 1.07 5.11 3.89 5.0 4.21 4.58 1.18 0.1 2.57 3.73 4.46 5.37 2.52 2.6 1.25 1.67 3.25 1.52 4.73 4.39 4.47
3.69 4.85 4.48 5.69 6.07 3.63 4.35 3.07 7.01 5.69 4.5 5.66 7.85 5.3 2.57 6.35 3.42 2.7 5.25 5.33 3.64 3.27 2.19 4.34 0.0 2.44 2.1 5.53 2.83 2.06 3.01 3.98 5.62 6.43 1.52 3.45 3.12 4.36 2.23 5.47 3.33 6.12 2.94 4.09 3.32 3.73 2.36 3.4 3.6 1.69 3.33
2.17 2.85 2.11 5.07 6.67 1.86 1.97 2.21 5.1 3.78 2.12 3.75 6.24 2.93 1.71 5.25 1.1 1.33 2.87 4.71 1.27 0.9 2.65 1.97 2.4 0.0 2.05 6.23 2.14 2.07 0.64 4.68 3.71 4.82 3.77 4.15 0.75 1.99 2.14 3.56 4.03 5.19 2.08 2.16 0.95 1.36 2.82 1.08 4.3 3.95 4.03
2.5 3.18 2.44 5.4 7.0 2.18 2.3 2.53 5.43 4.11 2.45 4.07 6.57 3.26 2.04 5.57 1.42 1.65 3.2 5.04 1.6 1.23 2.97 2.3 2.73 0.4 0.0 6.56 2.47 2.4 0.97 5.0 4.04 5.15 4.1 4.47 1.07 2.31 2.46 3.89 4.35 5.52 2.41 2.49 1.27 1.69 3.15 1.41 4.62 4.28 4.36
5.63 4.22 5.09 1.94 0.57 6.69 4.96 5.56 2.98 2.93 5.49 2.89 2.41 5.39 5.09 0.91 5.91 5.19 5.76 2.04 6.38 6.07 4.71 4.95 4.47 5.46 5.12 0.0 5.31 5.13 5.94 3.43 2.86 1.3 5.85 3.65 6.05 4.97 4.75 3.19 3.22 2.27 5.44 4.93 6.12 6.53 4.88 5.89 2.95 6.03 3.22
2.38 3.39 2.97 5.52 6.11 2.74 2.84 1.04 5.55 4.23 3.01 4.19 6.69 3.79 1.06 5.69 1.38 0.67 3.74 5.16 2.16 1.79 2.18 2.83 1.74 2.08 1.74 5.57 0.0 1.75 1.65 4.02 4.16 5.27 3.12 3.49 1.76 2.85 1.48 4.01 3.37 5.64 0.91 2.37 1.83 2.25 2.35 1.37 3.64 3.3 3.38
2.61 3.77 3.9 4.66 5.04 3.09 3.76 1.99 5.93 4.61 3.92 4.58 6.82 4.72 1.49 5.32 2.34 1.62 4.67 4.3 3.06 2.69 1.11 3.76 0.67 1.86 1.52 4.5 1.75 0.0 2.43 2.95 4.54 5.4 2.05 2.42 2.54 3.78 0.41 4.39 2.3 5.09 1.87 3.02 2.74 3.15 1.28 2.32 2.57 2.22 2.3
1.6 2.6 2.19 4.73 6.19 1.95 2.05 1.63 4.76 3.44 2.22 3.41 5.9 3.01 1.13 4.91 0.52 0.75 2.95 4.38 1.37 1.0 2.07 2.05 1.82 2.16 1.82 5.65 1.57 1.83 0.0 4.1 3.37 4.48 3.2 3.57 0.17 2.06 1.56 3.22 3.45 4.85 1.51 1.58 1.05 1.46 2.24 0.5 3.72 3.38 3.45
5.99 5.12 5.99 3.08 2.6 6.51 5.86 5.38 5.0 4.17 6.39 4.13 4.44 6.29 4.91 2.94 5.73 5.01 6.66 2.77 6.48 6.11 4.53 5.85 4.29 5.28 4.94 2.07 5.13 4.95 5.85 0.0 4.1 3.33 5.67 3.7 5.96 5.87 4.57 3.95 2.65 3.5 5.25 5.83 6.16 6.57 4.7 5.71 3.38 5.85 2.65
3.59 2.18 3.06 2.14 3.37 4.99 2.92 4.74 1.47 0.15 3.46 0.11 2.61 3.36 4.6 1.94 3.98 4.21 3.72 1.86 4.34 4.04 4.99 2.92 4.79 5.53 5.19 3.78 4.48 5.21 3.9 4.48 0.0 1.52 6.17 4.36 4.01 2.93 5.02 1.19 4.28 2.21 4.61 2.89 4.08 4.5 5.16 3.97 4.01 6.35 4.28
4.71 3.3 4.18 0.68 1.89 6.11 4.04 5.71 2.53 2.35 4.58 2.32 1.97 4.48 5.24 0.47 5.1 5.33 4.84 1.06 5.46 5.16 4.85 4.04 4.62 5.61 5.26 2.3 5.45 5.27 5.02 3.69 2.28 0.0 5.99 3.78 5.13 4.05 4.9 2.13 3.34 1.04 5.58 4.02 5.2 5.62 5.02 5.09 3.07 6.17 3.35
3.82 4.98 4.33 5.82 6.2 3.48 4.2 3.2 7.14 5.82 4.35 5.79 7.98 5.15 2.7 6.48 3.32 2.83 5.1 5.46 3.5 3.12 2.32 4.19 2.08 2.29 1.95 5.66 2.96 1.91 2.86 4.11 5.75 6.55 0.0 3.58 2.97 4.21 2.11 5.6 3.46 6.25 3.07 4.22 3.17 3.59 2.49 3.3 3.73 1.55 3.46
4.77 4.07 4.95 2.29 2.88 5.29 4.81 4.16 4.15 3.12 5.35 3.09 4.45 5.25 3.69 2.95 4.5 3.79 5.61 1.93 5.26 4.89 3.31 4.81 3.07 4.06 3.72 2.79 3.91 3.73 4.63 2.82 3.05 3.02 4.45 0.0 4.74 4.82 3.35 2.9 2.17 2.72 4.03 4.79 4.93 5.35 3.48 4.49 1.66 4.62 2.18
1.5 2.51 2.1 4.64 6.1 1.86 1.96 1.54 4.67 3.35 2.13 3.32 5.81 2.92 1.04 4.82 0.43 0.66 2.86 4.29 1.28 0.91 1.98 1.96 1.73 2.07 1.73 5.56 1.48 1.74 0.78 4.01 3.28 4.39 3.11 3.48 0.0 1.97 1.47 3.13 3.36 4.76 1.42 1.49 0.96 1.37 2.15 0.41 3.63 3.28 3.36
2.57 2.99 2.25 5.21 6.81 2.12 1.85 2.61 5.24 3.92 1.58 3.88 6.38 3.07 2.11 5.38 1.49 1.72 3.01 4.85 1.54 1.17 3.04 1.85 2.8 2.67 2.32 6.63 2.54 2.34 1.04 5.07 3.85 4.96 4.17 4.54 1.14 0.0 2.53 3.7 4.42 5.33 2.48 2.56 1.22 1.63 3.22 1.48 4.7 4.35 4.43
2.34 3.49 3.62 4.38 4.76 2.82 3.49 1.71 5.66 4.34 3.64 4.3 6.55 4.44 1.22 5.05 2.06 1.35 4.39 4.03 2.79 2.42 0.83 3.49 0.39 1.59 1.24 4.23 1.48 1.25 2.15 2.67 4.27 5.12 1.77 2.14 2.26 3.5 0.0 4.12 2.02 4.81 1.59 2.74 2.46 2.88 1.0 2.04 2.29 1.95 2.03
3.05 1.64 2.52 1.95 3.19 4.45 2.38 4.2 1.62 0.3 2.92 0.26 2.76 2.82 4.06 1.76 3.45 3.67 3.18 1.68 3.81 3.5 4.45 2.38 4.26 5.0 4.65 3.59 3.95 4.67 3.36 4.3 0.23 1.34 5.63 4.17 3.47 2.39 4.49 0.0 4.09 2.03 4.08 2.36 3.54 3.96 4.62 3.43 3.83 5.81 4.1
5.44 6.59 6.76 5.44 5.78 5.96 6.63 4.83 7.3 6.28 6.78 6.24 7.61 7.58 4.36 6.1 5.17 4.46 7.53 5.09 5.93 5.56 3.98 6.62 3.74 4.73 4.39 5.24 4.57 4.39 5.3 3.69 6.21 6.18 5.12 3.2 5.4 6.64 4.02 6.06 0.0 5.87 4.7 5.84 5.6 6.02 4.15 5.16 3.31 5.29 0.13
4.39 2.98 3.85 0.95 2.19 5.79 3.72 5.53 1.74 1.69 4.26 1.65 2.27 4.15 5.4 0.76 4.78 5.01 4.52 1.26 5.14 4.83 5.05 3.71 4.82 5.81 5.46 2.59 5.28 5.47 4.7 3.89 1.62 0.34 6.19 4.05 4.81 3.73 5.09 1.95 3.62 0.0 5.41 3.69 4.88 5.29 5.22 4.76 3.35 6.37 3.62
1.51 2.52 2.1 4.65 6.11 1.87 1.97 0.17 4.68 3.36 2.14 3.33 5.82 2.92 1.13 4.83 0.51 0.74 2.87 4.29 1.29 0.92 1.99 1.96 1.79 2.16 1.81 5.58 1.48 1.82 0.78 4.02 3.29 4.4 3.17 3.49 0.89 1.98 1.56 3.14 3.37 4.77 0.0 1.5 0.96 1.38 2.16 0.5 3.64 3.35 3.38
2.14 1.21 1.4 3.43 5.03 3.33 1.26 3.29 3.46 2.14 1.8 2.1 4.6 2.12 3.15 3.6 2.54 2.77 2.07 3.07 2.69 2.38 3.54 1.26 3.35 3.88 3.53 5.05 3.04 3.55 2.25 5.58 2.07 3.18 4.72 5.05 2.35 1.28 3.58 1.92 4.93 3.55 3.17 0.0 2.43 2.84 3.71 2.52 5.2 4.9 4.93
2.13 2.68 1.94 4.91 6.51 1.69 1.55 2.17 4.93 3.61 1.27 3.58 6.08 2.76 1.67 5.08 1.06 1.28 2.71 4.55 0.42 0.46 2.61 1.54 2.36 2.23 1.89 6.19 2.1 1.9 0.6 4.64 3.55 4.65 3.73 4.11 0.71 1.56 2.1 3.39 3.99 5.03 2.04 2.12 0.0 1.19 2.78 1.04 4.26 3.91 3.99
3.66 4.05 3.31 5.71 6.08 0.82 2.91 3.03 6.3 4.98 2.64 4.94 7.44 4.13 2.54 6.37 2.61 2.67 4.07 5.35 1.44 2.02 2.15 2.91 1.72 1.58 1.24 5.55 2.8 1.26 2.15 3.99 4.91 6.02 3.09 3.46 2.26 2.92 1.45 4.76 3.34 6.13 2.91 3.67 2.06 0.0 2.32 2.59 3.61 3.27 3.35
2.11 3.12 2.7 4.99 5.37 2.47 2.57 0.77 5.28 3.96 2.74 3.93 6.42 3.52 0.27 5.43 1.11 0.4 3.47 4.63 1.89 1.52 1.44 2.57 1.0 1.34 1.0 4.83 2.08 1.01 1.38 3.28 3.89 5.0 2.38 2.75 1.49 2.58 0.74 3.74 2.63 5.37 0.64 2.1 1.56 1.98 0.0 1.1 2.9 2.56 2.63
2.54 3.54 3.13 5.37 5.75 2.9 2.99 1.19 5.71 4.39 3.17 4.35 6.85 3.95 0.7 5.85 0.08 0.31 3.89 5.02 2.32 1.94 1.82 2.99 1.38 1.72 1.38 5.21 2.46 1.39 1.81 3.66 4.32 5.42 2.76 3.13 1.92 3.01 1.12 4.16 3.01 5.8 1.07 2.53 1.99 2.4 1.99 0.0 3.28 2.94 3.02
4.0 4.8 5.33 2.91 3.43 4.52 5.19 3.39 4.85 3.85 5.35 3.82 5.07 5.98 2.92 3.57 3.74 3.02 6.09 2.6 4.5 4.12 2.54 5.19 2.3 3.29 2.95 3.1 3.14 2.96 3.86 1.55 3.78 3.64 3.68 0.77 3.97 5.2 2.58 3.63 0.9 3.34 3.27 4.4 4.17 4.58 2.71 3.72 0.0 3.86 0.9
3.81 4.57 3.82 5.85 6.23 2.98 3.69 3.18 6.82 5.5 3.84 5.46 7.96 4.64 2.69 6.52 2.81 2.82 4.59 5.5 2.99 2.61 2.3 3.68 1.86 1.79 1.44 5.7 2.95 1.4 2.35 4.14 5.43 6.53 0.47 3.61 2.46 3.7 1.6 5.27 3.49 6.28 3.06 3.88 2.66 3.08 2.47 2.79 3.76 0.0 3.5
5.43 6.59 6.76 5.44 5.77 5.95 6.62 4.82 7.29 6.27 6.78 6.24 7.6 7.58 4.35 6.1 5.17 4.46 7.52 5.08 5.93 5.55 3.97 6.62 3.73 4.72 4.38 5.24 4.57 4.39 5.29 3.68 6.2 6.17 5.11 3.19 5.4 6.63 4.01 6.05 3.03 5.86 4.7 5.83 5.6 6.01 4.14 5.15 3.31 5.29 0.0
