0.0 0.1 0.11 0.11 0.28 0.88 1.32 1.04 0.84 0.84 1.08 1.22 1.47 1.55 1.17 0.9 0.89 1.1 0.78 0.95 0.79 1.14 1.84 1.65 1.65 1.78 2.05 1.05 1.03 1.25 2.18 2.33 1.6 1.22 1.41 1.67 1.62 1.55 2.11 1.47 2.09 1.75 1.74 1.16 0.97 1.15 1.54 2.37 1.65 2.45 2.52 2.36 2.36 2.55 2.02 2.81 2.77 2.35 2.37 2.33 2.41
0.1 0.0 0.03 0.01 0.36 0.95 1.39 1.12 0.91 0.91 1.15 1.3 1.55 1.63 1.24 0.97 0.97 1.18 0.86 1.03 0.86 1.22 1.91 1.73 1.72 1.85 2.12 1.12 1.1 1.33 2.26 2.41 1.68 1.3 1.48 1.74 1.69 1.63 2.19 1.54 2.16 1.83 1.82 1.24 1.05 1.22 1.61 2.44 1.72 2.53 2.6 2.44 2.43 2.62 2.1 2.88 2.84 2.43 2.45 2.41 2.49
0.11 0.03 0.0 0.02 0.39 0.98 1.42 1.14 0.94 0.94 1.18 1.32 1.58 1.65 1.27 1.0 1.0 1.21 0.89 1.06 0.89 1.25 1.94 1.76 1.75 1.88 2.15 1.15 1.13 1.36 2.29 2.44 1.71 1.33 1.51 1.77 1.72 1.66 2.22 1.57 2.19 1.86 1.84 1.26 1.08 1.25 1.64 2.47 1.75 2.56 2.63 2.47 2.46 2.65 2.13 2.91 2.87 2.46 2.48 2.44 2.52
0.11 0.01 0.02 0.0 0.37 0.96 1.4 1.12 0.92 0.92 1.16 1.3 1.55 1.63 1.25 0.98 0.98 1.18 0.86 1.04 0.87 1.23 1.92 1.74 1.73 1.86 2.13 1.13 1.11 1.33 2.27 2.41 1.69 1.31 1.49 1.75 1.7 1.63 2.2 1.55 2.17 1.83 1.82 1.24 1.05 1.23 1.62 2.45 1.73 2.54 2.61 2.45 2.44 2.63 2.11 2.89 2.85 2.43 2.45 2.41 2.49
0.28 0.36 0.39 0.37 0.0 0.61 1.05 0.77 0.57 0.57 0.81 0.95 1.2 1.28 0.9 0.63 0.62 0.83 0.51 0.69 0.52 0.87 1.57 1.39 1.38 1.51 1.78 0.78 0.76 0.98 1.92 2.06 1.34 0.95 1.14 1.4 1.35 1.28 1.85 1.2 1.82 1.48 1.47 0.89 0.7 0.88 1.27 2.1 1.38 2.19 2.26 2.1 2.09 2.28 1.76 2.54 2.5 2.08 2.1 2.06 2.14
0.88 0.95 0.98 0.96 0.61 0.0 1.09 0.81 0.07 0.07 0.85 0.99 1.24 1.32 0.94 0.13 0.12 0.33 0.33 0.18 0.34 0.7 1.39 1.21 1.2 1.33 1.6 0.82 0.8 1.02 1.96 2.1 1.36 0.45 0.64 0.9 0.84 0.78 1.89 0.7 1.86 1.53 1.51 0.39 0.2 0.37 0.76 2.14 0.88 2.23 1.75 1.59 1.59 1.78 1.8 2.58 2.54 2.13 2.14 2.1 2.18
1.32 1.39 1.42 1.4 1.05 1.09 0.0 0.35 1.05 1.05 1.0 0.99 0.15 0.46 0.71 1.11 1.11 1.31 0.99 1.17 1.0 1.36 2.05 1.87 1.86 1.99 2.26 0.37 0.35 0.86 1.79 1.94 0.51 1.44 1.62 1.31 1.28 1.77 1.66 1.41 1.51 1.36 1.35 1.37 1.18 1.36 1.54 1.97 1.86 2.06 2.74 2.58 2.57 2.76 1.63 2.23 1.97 1.26 1.28 1.24 1.32
1.04 1.12 1.14 1.12 0.77 0.81 0.35 0.0 0.77 0.77 0.72 0.77 0.51 0.54 0.49 0.83 0.83 1.04 0.72 0.89 0.72 1.08 1.77 1.59 1.58 1.71 1.98 0.05 0.03 0.64 1.57 1.72 0.59 1.16 1.34 1.39 1.36 1.49 1.44 1.4 1.39 1.14 1.13 1.1 0.91 1.08 1.47 1.75 1.58 1.84 2.46 2.3 2.29 2.48 1.41 2.11 2.02 1.34 1.36 1.32 1.4
0.84 0.91 0.94 0.92 0.57 0.07 1.05 0.77 0.0 0.01 0.81 0.95 1.2 1.28 0.9 0.08 0.08 0.28 0.29 0.14 0.3 0.66 1.35 1.17 1.16 1.29 1.56 0.78 0.76 0.98 1.92 2.06 1.34 0.41 0.59 0.85 0.8 0.74 1.85 0.65 1.82 1.48 1.47 0.34 0.16 0.33 0.72 2.1 0.83 2.19 1.71 1.55 1.54 1.73 1.76 2.54 2.5 2.08 2.1 2.06 2.14
0.84 0.91 0.94 0.92 0.57 0.07 1.05 0.77 0.01 0.0 0.81 0.95 1.21 1.29 0.9 0.08 0.08 0.29 0.3 0.14 0.3 0.66 1.35 1.17 1.16 1.29 1.56 0.78 0.76 0.99 1.92 2.07 1.34 0.41 0.59 0.85 0.8 0.74 1.85 0.66 1.82 1.49 1.48 0.35 0.16 0.33 0.72 2.1 0.84 2.19 1.71 1.55 1.54 1.73 1.76 2.54 2.5 2.09 2.11 2.07 2.15
1.08 1.15 1.18 1.16 0.81 0.85 1.0 0.72 0.81 0.81 0.0 0.14 1.15 1.23 0.76 0.87 0.87 1.07 0.76 0.93 0.76 1.12 1.81 1.63 1.62 1.75 2.02 0.73 0.71 0.67 1.43 1.61 1.29 1.2 1.38 1.64 1.59 1.53 1.57 1.44 1.68 1.18 1.16 1.13 0.95 1.12 1.51 1.64 1.62 1.73 2.5 2.34 2.33 2.52 1.45 2.4 2.36 2.04 2.06 2.01 2.09
1.22 1.3 1.32 1.3 0.95 0.99 0.99 0.77 0.95 0.95 0.14 0.0 1.14 1.28 0.62 1.01 1.01 1.22 0.9 1.07 0.9 1.26 1.95 1.77 1.76 1.89 2.16 0.78 0.76 0.53 1.29 1.47 1.33 1.34 1.52 1.78 1.73 1.67 1.43 1.58 1.54 1.04 1.02 1.28 1.09 1.26 1.65 1.51 1.76 1.59 2.64 2.48 2.47 2.66 1.31 2.26 2.22 2.08 2.1 2.06 2.14
1.47 1.55 1.58 1.55 1.2 1.24 0.15 0.51 1.2 1.21 1.15 1.14 0.0 0.47 0.87 1.26 1.26 1.47 1.15 1.32 1.15 1.51 2.2 2.02 2.02 2.15 2.41 0.53 0.51 1.01 1.95 2.09 0.66 1.59 1.77 1.32 1.3 1.9 1.6 1.42 1.45 1.51 1.5 1.53 1.34 1.51 1.56 2.11 2.02 2.19 2.89 2.73 2.73 2.91 1.76 2.17 1.99 1.28 1.3 1.25 1.33
1.55 1.63 1.65 1.63 1.28 1.32 0.46 0.54 1.28 1.29 1.23 1.28 0.47 0.0 1.0 1.34 1.34 1.55 1.23 1.4 1.23 1.59 2.28 2.1 2.1 2.23 2.49 0.56 0.54 1.15 2.08 2.11 0.48 1.67 1.85 1.08 1.06 1.66 1.57 1.19 1.39 1.65 1.64 1.61 1.42 1.59 1.32 2.07 2.1 2.16 2.97 2.81 2.8 2.99 1.73 2.11 1.75 1.04 1.06 1.01 1.09
1.17 1.24 1.27 1.25 0.9 0.94 0.71 0.49 0.9 0.9 0.76 0.62 0.87 1.0 0.0 0.96 0.96 1.16 0.85 1.02 0.85 1.21 1.9 1.72 1.71 1.84 2.11 0.5 0.48 0.15 1.08 1.23 1.06 1.29 1.47 1.73 1.68 1.62 0.95 1.53 0.92 0.65 0.64 1.22 1.04 1.21 1.6 1.26 1.71 1.35 2.59 2.43 2.42 2.61 0.92 1.64 1.6 1.8 1.79 1.78 1.69
0.9 0.97 1.0 0.98 0.63 0.13 1.11 0.83 0.08 0.08 0.87 1.01 1.26 1.34 0.96 0.0 0.03 0.29 0.35 0.15 0.36 0.72 1.41 1.23 1.22 1.35 1.62 0.84 0.82 1.04 1.98 2.12 1.31 0.38 0.56 0.82 0.77 0.71 1.91 0.62 1.88 1.54 1.53 0.31 0.13 0.3 0.69 2.16 0.84 2.25 1.68 1.52 1.51 1.7 1.82 2.6 2.56 2.13 2.15 2.11 2.19
0.89 0.97 1.0 0.98 0.62 0.12 1.11 0.83 0.08 0.08 0.87 1.01 1.26 1.34 0.96 0.03 0.0 0.27 0.35 0.12 0.36 0.71 1.41 1.22 1.22 1.35 1.61 0.84 0.82 1.04 1.97 2.12 1.34 0.4 0.59 0.85 0.8 0.73 1.9 0.65 1.87 1.54 1.53 0.34 0.15 0.33 0.72 2.16 0.81 2.24 1.71 1.54 1.54 1.73 1.81 2.6 2.56 2.14 2.16 2.12 2.2
1.1 1.18 1.21 1.18 0.83 0.33 1.31 1.04 0.28 0.29 1.07 1.22 1.47 1.55 1.16 0.29 0.27 0.0 0.56 0.32 0.56 0.92 1.61 1.43 1.43 1.56 1.82 1.05 1.03 1.25 2.18 2.33 1.6 0.67 0.85 1.11 1.06 1.0 2.11 0.91 2.08 1.75 1.74 0.49 0.42 0.5 0.98 2.36 1.02 2.45 1.8 1.64 1.63 1.82 2.02 2.81 2.76 2.35 2.37 2.33 2.41
0.78 0.86 0.89 0.86 0.51 0.33 0.99 0.72 0.29 0.3 0.76 0.9 1.15 1.23 0.85 0.35 0.35 0.56 0.0 0.41 0.05 0.4 1.1 0.91 0.91 1.04 1.3 0.73 0.71 0.93 1.86 2.01 1.28 0.68 0.87 1.13 1.07 1.01 1.79 0.93 1.76 1.43 1.42 0.62 0.43 0.6 0.99 2.04 1.11 2.13 1.98 1.82 1.82 2.01 1.7 2.49 2.44 2.03 2.05 2.01 2.09
0.95 1.03 1.06 1.04 0.69 0.18 1.17 0.89 0.14 0.14 0.93 1.07 1.32 1.4 1.02 0.15 0.12 0.32 0.41 0.0 0.42 0.77 1.47 1.28 1.28 1.41 1.67 0.9 0.88 1.1 2.03 2.18 1.45 0.52 0.71 0.97 0.91 0.85 1.96 0.77 1.94 1.6 1.59 0.46 0.27 0.44 0.83 2.22 0.75 2.3 1.82 1.66 1.66 1.85 1.87 2.66 2.62 2.2 2.22 2.18 2.26
0.79 0.86 0.89 0.87 0.52 0.34 1.0 0.72 0.3 0.3 0.76 0.9 1.15 1.23 0.85 0.36 0.36 0.56 0.05 0.42 0.0 0.36 1.06 0.87 0.86 0.99 1.26 0.73 0.71 0.93 1.87 2.02 1.29 0.69 0.87 1.13 1.08 1.02 1.8 0.93 1.77 1.44 1.42 0.62 0.44 0.61 1.0 2.05 1.11 2.14 1.99 1.83 1.82 2.01 1.71 2.49 2.45 2.04 2.06 2.01 2.09
1.14 1.22 1.25 1.23 0.87 0.7 1.36 1.08 0.66 0.66 1.12 1.26 1.51 1.59 1.21 0.72 0.71 0.92 0.4 0.77 0.36 0.0 0.7 0.51 0.51 0.64 0.9 1.09 1.07 1.29 2.22 2.37 1.64 1.04 1.23 1.49 1.43 1.37 2.15 1.29 2.12 1.79 1.78 0.98 0.79 0.96 1.36 2.41 1.44 2.49 2.34 2.18 2.18 2.37 2.06 2.85 2.81 2.39 2.41 2.37 2.45
1.84 1.91 1.94 1.92 1.57 1.39 2.05 1.77 1.35 1.35 1.81 1.95 2.2 2.28 1.9 1.41 1.41 1.61 1.1 1.47 1.06 0.7 0.0 0.62 0.61 0.5 0.24 1.78 1.76 1.98 2.92 3.07 2.34 1.74 1.92 2.18 2.13 2.07 2.85 1.98 2.82 2.49 2.47 1.67 1.49 1.66 2.05 3.1 1.65 3.19 3.04 2.88 2.87 3.06 2.76 3.54 3.5 3.09 3.11 3.06 3.14
1.65 1.73 1.76 1.74 1.39 1.21 1.87 1.59 1.17 1.17 1.63 1.77 2.02 2.1 1.72 1.23 1.22 1.43 0.91 1.28 0.87 0.51 0.62 0.0 0.01 0.13 0.4 1.6 1.58 1.8 2.73 2.88 2.15 1.55 1.74 2.0 1.95 1.88 2.66 1.8 2.64 2.3 2.29 1.49 1.3 1.47 1.87 2.92 1.95 3.0 2.85 2.69 2.69 2.88 2.57 3.36 3.32 2.9 2.92 2.88 2.96
1.65 1.72 1.75 1.73 1.38 1.2 1.86 1.58 1.16 1.16 1.62 1.76 2.02 2.1 1.71 1.22 1.22 1.43 0.91 1.28 0.86 0.51 0.61 0.01 0.0 0.13 0.4 1.59 1.57 1.8 2.73 2.88 2.15 1.55 1.73 1.99 1.94 1.88 2.66 1.79 2.63 2.3 2.29 1.48 1.3 1.47 1.86 2.91 1.94 3.0 2.85 2.69 2.68 2.87 2.57 3.35 3.31 2.9 2.92 2.88 2.96
1.78 1.85 1.88 1.86 1.51 1.33 1.99 1.71 1.29 1.29 1.75 1.89 2.15 2.23 1.84 1.35 1.35 1.56 1.04 1.41 0.99 0.64 0.5 0.13 0.13 0.0 0.28 1.72 1.7 1.93 2.86 3.01 2.28 1.68 1.86 2.12 2.07 2.01 2.79 1.92 2.76 2.43 2.42 1.62 1.43 1.6 1.99 3.04 1.89 3.13 2.98 2.82 2.81 3.0 2.7 3.48 3.44 3.03 3.05 3.01 3.09
2.05 2.12 2.15 2.13 1.78 1.6 2.26 1.98 1.56 1.56 2.02 2.16 2.41 2.49 2.11 1.62 1.61 1.82 1.3 1.67 1.26 0.9 0.24 0.4 0.4 0.28 0.0 1.99 1.97 2.19 3.13 3.27 2.55 1.94 2.13 2.39 2.34 2.27 3.06 2.19 3.03 2.69 2.68 1.88 1.69 1.87 2.26 3.31 1.89 3.39 3.25 3.09 3.08 3.27 2.97 3.75 3.71 3.29 3.31 3.27 3.35
1.05 1.12 1.15 1.13 0.78 0.82 0.37 0.05 0.78 0.78 0.73 0.78 0.53 0.56 0.5 0.84 0.84 1.05 0.73 0.9 0.73 1.09 1.78 1.6 1.59 1.72 1.99 0.0 0.03 0.65 1.58 1.73 0.61 1.17 1.35 1.4 1.38 1.5 1.45 1.41 1.41 1.15 1.14 1.1 0.92 1.09 1.48 1.76 1.59 1.85 2.47 2.31 2.3 2.49 1.42 2.13 2.04 1.36 1.38 1.34 1.42
1.03 1.1 1.13 1.11 0.76 0.8 0.35 0.03 0.76 0.76 0.71 0.76 0.51 0.54 0.48 0.82 0.82 1.03 0.71 0.88 0.71 1.07 1.76 1.58 1.57 1.7 1.97 0.03 0.0 0.63 1.56 1.71 0.59 1.15 1.33 1.39 1.36 1.48 1.43 1.39 1.39 1.13 1.12 1.08 0.9 1.07 1.46 1.74 1.57 1.83 2.45 2.29 2.28 2.47 1.4 2.11 2.02 1.34 1.36 1.32 1.4
1.25 1.33 1.36 1.33 0.98 1.02 0.86 0.64 0.98 0.99 0.67 0.53 1.01 1.15 0.15 1.04 1.04 1.25 0.93 1.1 0.93 1.29 1.98 1.8 1.8 1.93 2.19 0.65 0.63 0.0 0.93 1.08 1.2 1.37 1.55 1.82 1.76 1.7 0.9 1.62 1.05 0.5 0.49 1.31 1.12 1.29 1.68 1.12 1.8 1.2 2.67 2.51 2.51 2.69 0.77 1.78 1.73 1.95 1.92 1.92 1.83
2.18 2.26 2.29 2.27 1.92 1.96 1.79 1.57 1.92 1.92 1.43 1.29 1.95 2.08 1.08 1.98 1.97 2.18 1.86 2.03 1.87 2.22 2.92 2.73 2.73 2.86 3.13 1.58 1.56 0.93 0.0 0.19 2.14 2.3 2.49 2.75 2.7 2.63 0.94 2.55 1.22 0.43 0.48 2.24 2.05 2.23 2.62 0.23 2.73 0.32 3.6 3.44 3.44 3.63 0.58 1.94 1.91 2.21 2.14 2.13 2.01
2.33 2.41 2.44 2.41 2.06 2.1 1.94 1.72 2.06 2.07 1.61 1.47 2.09 2.11 1.23 2.12 2.12 2.33 2.01 2.18 2.02 2.37 3.07 2.88 2.88 3.01 3.27 1.73 1.71 1.08 0.19 0.0 2.28 2.45 2.64 2.9 2.84 2.78 0.75 2.7 1.03 0.58 0.63 2.39 2.2 2.37 2.76 0.04 2.88 0.13 3.75 3.59 3.59 3.78 0.4 1.75 1.73 2.02 1.95 1.94 1.82
1.6 1.68 1.71 1.69 1.34 1.36 0.51 0.59 1.34 1.34 1.29 1.33 0.66 0.48 1.06 1.31 1.34 1.6 1.28 1.45 1.29 1.64 2.34 2.15 2.15 2.28 2.55 0.61 0.59 1.2 2.14 2.28 0.0 1.61 1.8 1.33 1.3 1.89 1.81 1.43 1.64 1.71 1.69 1.55 1.36 1.54 1.57 2.32 2.15 2.4 2.91 2.75 2.75 2.94 1.97 2.36 2.0 1.28 1.3 1.26 1.34
1.22 1.3 1.33 1.31 0.95 0.45 1.44 1.16 0.41 0.41 1.2 1.34 1.59 1.67 1.29 0.38 0.4 0.67 0.68 0.52 0.69 1.04 1.74 1.55 1.55 1.68 1.94 1.17 1.15 1.37 2.3 2.45 1.61 0.0 0.25 0.87 0.82 0.59 2.23 0.67 2.2 1.87 1.86 0.31 0.28 0.29 0.74 2.49 1.22 2.57 1.67 1.51 1.51 1.7 2.14 2.93 2.89 2.18 2.2 2.16 2.24
1.41 1.48 1.51 1.49 1.14 0.64 1.62 1.34 0.59 0.59 1.38 1.52 1.77 1.85 1.47 0.56 0.59 0.85 0.87 0.71 0.87 1.23 1.92 1.74 1.73 1.86 2.13 1.35 1.33 1.55 2.49 2.64 1.8 0.25 0.0 1.09 1.04 0.84 2.42 0.89 2.39 2.06 2.04 0.46 0.46 0.44 0.96 2.67 1.4 2.76 1.62 1.46 1.45 1.64 2.33 3.11 3.07 2.41 2.43 2.38 2.46
1.67 1.74 1.77 1.75 1.4 0.9 1.31 1.39 0.85 0.85 1.64 1.78 1.32 1.08 1.73 0.82 0.85 1.11 1.13 0.97 1.13 1.49 2.18 2.0 1.99 2.12 2.39 1.4 1.39 1.82 2.75 2.9 1.33 0.87 1.09 0.0 0.15 0.65 2.41 0.27 2.23 2.32 2.31 1.05 0.86 1.03 0.51 2.91 1.66 3.0 2.41 2.25 2.25 2.44 2.57 2.91 2.16 1.45 1.47 1.43 1.51
1.62 1.69 1.72 1.7 1.35 0.84 1.28 1.36 0.8 0.8 1.59 1.73 1.3 1.06 1.68 0.77 0.8 1.06 1.07 0.91 1.08 1.43 2.13 1.95 1.94 2.07 2.34 1.38 1.36 1.76 2.7 2.84 1.3 0.82 1.04 0.15 0.0 0.65 2.38 0.19 2.2 2.26 2.25 1.0 0.81 0.98 0.4 2.88 1.61 2.97 2.36 2.2 2.2 2.38 2.54 2.89 2.13 1.42 1.44 1.4 1.48
1.55 1.63 1.66 1.63 1.28 0.78 1.77 1.49 0.74 0.74 1.53 1.67 1.9 1.66 1.62 0.71 0.73 1.0 1.01 0.85 1.02 1.37 2.07 1.88 1.88 2.01 2.27 1.5 1.48 1.7 2.63 2.78 1.89 0.59 0.84 0.65 0.65 0.0 2.56 0.5 2.53 2.2 2.19 0.85 0.75 0.83 0.68 2.82 1.55 2.9 2.21 2.05 2.05 2.24 2.47 3.26 2.74 2.03 2.05 2.01 2.09
2.11 2.19 2.22 2.2 1.85 1.89 1.66 1.44 1.85 1.85 1.57 1.43 1.6 1.57 0.95 1.91 1.9 2.11 1.79 1.96 1.8 2.15 2.85 2.66 2.66 2.79 3.06 1.45 1.43 0.9 0.94 0.75 1.81 2.23 2.42 2.41 2.38 2.56 0.0 2.48 0.49 0.72 0.67 2.17 1.98 2.16 2.55 0.71 2.66 0.69 3.53 3.37 3.37 3.56 0.42 1.21 1.18 1.47 1.4 1.4 1.27
1.47 1.54 1.57 1.55 1.2 0.7 1.41 1.4 0.65 0.66 1.44 1.58 1.42 1.19 1.53 0.62 0.65 0.91 0.93 0.77 0.93 1.29 1.98 1.8 1.79 1.92 2.19 1.41 1.39 1.62 2.55 2.7 1.43 0.67 0.89 0.27 0.19 0.5 2.48 0.0 2.33 2.12 2.11 0.85 0.66 0.83 0.27 2.73 1.46 2.82 2.21 2.05 2.05 2.24 2.39 3.02 2.26 1.55 1.57 1.53 1.61
2.09 2.16 2.19 2.17 1.82 1.86 1.51 1.39 1.82 1.82 1.68 1.54 1.45 1.39 0.92 1.88 1.87 2.08 1.76 1.94 1.77 2.12 2.82 2.64 2.63 2.76 3.03 1.41 1.39 1.05 1.22 1.03 1.64 2.2 2.39 2.23 2.2 2.53 0.49 2.33 0.0 0.9 0.85 2.14 1.95 2.13 2.47 0.99 2.63 1.08 3.51 3.35 3.34 3.53 0.65 0.76 1.0 1.3 1.23 1.22 1.1
1.75 1.83 1.86 1.83 1.48 1.53 1.36 1.14 1.48 1.49 1.18 1.04 1.51 1.65 0.65 1.54 1.54 1.75 1.43 1.6 1.44 1.79 2.49 2.3 2.3 2.43 2.69 1.15 1.13 0.5 0.43 0.58 1.71 1.87 2.06 2.32 2.26 2.2 0.72 2.12 0.9 0.0 0.05 1.81 1.62 1.79 2.18 0.61 2.3 0.7 3.17 3.01 3.01 3.2 0.31 1.63 1.6 1.89 1.82 1.82 1.69
1.74 1.82 1.84 1.82 1.47 1.51 1.35 1.13 1.47 1.48 1.16 1.02 1.5 1.64 0.64 1.53 1.53 1.74 1.42 1.59 1.42 1.78 2.47 2.29 2.29 2.42 2.68 1.14 1.12 0.49 0.48 0.63 1.69 1.86 2.04 2.31 2.25 2.19 0.67 2.11 0.85 0.05 0.0 1.8 1.61 1.78 2.17 0.67 2.29 0.75 3.16 3.0 2.99 3.18 0.32 1.58 1.55 1.84 1.77 1.76 1.64
1.16 1.24 1.26 1.24 0.89 0.39 1.37 1.1 0.34 0.35 1.13 1.28 1.53 1.61 1.22 0.31 0.34 0.49 0.62 0.46 0.62 0.98 1.67 1.49 1.48 1.62 1.88 1.1 1.08 1.31 2.24 2.39 1.55 0.31 0.46 1.05 1.0 0.85 2.17 0.85 2.14 1.81 1.8 0.0 0.21 0.04 0.92 2.42 1.15 2.51 1.36 1.2 1.2 1.39 2.08 2.86 2.82 2.36 2.38 2.34 2.42
0.97 1.05 1.08 1.05 0.7 0.2 1.18 0.91 0.16 0.16 0.95 1.09 1.34 1.42 1.04 0.13 0.15 0.42 0.43 0.27 0.44 0.79 1.49 1.3 1.3 1.43 1.69 0.92 0.9 1.12 2.05 2.2 1.36 0.28 0.46 0.86 0.81 0.75 1.98 0.66 1.95 1.62 1.61 0.21 0.0 0.2 0.73 2.23 0.97 2.32 1.58 1.42 1.41 1.6 1.89 2.68 2.63 2.17 2.19 2.15 2.23
1.15 1.22 1.25 1.23 0.88 0.37 1.36 1.08 0.33 0.33 1.12 1.26 1.51 1.59 1.21 0.3 0.33 0.5 0.6 0.44 0.61 0.96 1.66 1.47 1.47 1.6 1.87 1.09 1.07 1.29 2.23 2.37 1.54 0.29 0.44 1.03 0.98 0.83 2.16 0.83 2.13 1.79 1.78 0.04 0.2 0.0 0.9 2.41 1.14 2.49 1.41 1.25 1.24 1.43 2.07 2.85 2.81 2.35 2.37 2.32 2.4
1.54 1.61 1.64 1.62 1.27 0.76 1.54 1.47 0.72 0.72 1.51 1.65 1.56 1.32 1.6 0.69 0.72 0.98 0.99 0.83 1.0 1.36 2.05 1.87 1.86 1.99 2.26 1.48 1.46 1.68 2.62 2.76 1.57 0.74 0.96 0.51 0.4 0.68 2.55 0.27 2.47 2.18 2.17 0.92 0.73 0.9 0.0 2.8 1.53 2.89 2.28 2.12 2.12 2.3 2.46 3.15 2.4 1.68 1.7 1.66 1.74
2.37 2.44 2.47 2.45 2.1 2.14 1.97 1.75 2.1 2.1 1.64 1.51 2.11 2.07 1.26 2.16 2.16 2.36 2.04 2.22 2.05 2.41 3.1 2.92 2.91 3.04 3.31 1.76 1.74 1.12 0.23 0.04 2.32 2.49 2.67 2.91 2.88 2.82 0.71 2.73 0.99 0.61 0.67 2.42 2.23 2.41 2.8 0.0 2.91 0.09 3.79 3.63 3.62 3.81 0.38 1.71 1.68 1.98 1.91 1.9 1.78
1.65 1.72 1.75 1.73 1.38 0.88 1.86 1.58 0.83 0.84 1.62 1.76 2.02 2.1 1.71 0.84 0.81 1.02 1.11 0.75 1.11 1.44 1.65 1.95 1.94 1.89 1.89 1.59 1.57 1.8 2.73 2.88 2.15 1.22 1.4 1.66 1.61 1.55 2.66 1.46 2.63 2.3 2.29 1.15 0.97 1.14 1.53 2.91 0.0 3.0 2.52 2.36 2.35 2.54 2.57 3.35 3.31 2.9 2.92 2.88 2.96
2.45 2.53 2.56 2.54 2.19 2.23 2.06 1.84 2.19 2.19 1.73 1.59 2.19 2.16 1.35 2.25 2.24 2.45 2.13 2.3 2.14 2.49 3.19 3.0 3.0 3.13 3.39 1.85 1.83 1.2 0.32 0.13 2.4 2.57 2.76 3.0 2.97 2.9 0.69 2.82 1.08 0.7 0.75 2.51 2.32 2.49 2.89 0.09 3.0 0.0 3.87 3.71 3.71 3.9 0.46 1.8 1.77 2.06 1.99 1.99 1.86
2.52 2.6 2.63 2.61 2.26 1.75 2.74 2.46 1.71 1.71 2.5 2.64 2.89 2.97 2.59 1.68 1.71 1.8 1.98 1.82 1.99 2.34 3.04 2.85 2.85 2.98 3.25 2.47 2.45 2.67 3.6 3.75 2.91 1.67 1.62 2.41 2.36 2.21 3.53 2.21 3.51 3.17 3.16 1.36 1.58 1.41 2.28 3.79 2.52 3.87 0.0 0.17 0.17 0.03 3.45 4.23 4.19 3.73 3.74 3.7 3.78
2.36 2.44 2.47 2.45 2.1 1.59 2.58 2.3 1.55 1.55 2.34 2.48 2.73 2.81 2.43 1.52 1.54 1.64 1.82 1.66 1.83 2.18 2.88 2.69 2.69 2.82 3.09 2.31 2.29 2.51 3.44 3.59 2.75 1.51 1.46 2.25 2.2 2.05 3.37 2.05 3.35 3.01 3.0 1.2 1.42 1.25 2.12 3.63 2.36 3.71 0.17 0.0 0.01 0.19 3.28 4.07 4.03 3.56 3.58 3.54 3.62
2.36 2.43 2.46 2.44 2.09 1.59 2.57 2.29 1.54 1.54 2.33 2.47 2.73 2.8 2.42 1.51 1.54 1.63 1.82 1.66 1.82 2.18 2.87 2.69 2.68 2.81 3.08 2.3 2.28 2.51 3.44 3.59 2.75 1.51 1.45 2.25 2.2 2.05 3.37 2.05 3.34 3.01 2.99 1.2 1.41 1.24 2.12 3.62 2.35 3.71 0.17 0.01 0.0 0.19 3.28 4.06 4.02 3.56 3.58 3.54 3.62
2.55 2.62 2.65 2.63 2.28 1.78 2.76 2.48 1.73 1.73 2.52 2.66 2.91 2.99 2.61 1.7 1.73 1.82 2.01 1.85 2.01 2.37 3.06 2.88 2.87 3.0 3.27 2.49 2.47 2.69 3.63 3.78 2.94 1.7 1.64 2.44 2.38 2.24 3.56 2.24 3.53 3.2 3.18 1.39 1.6 1.43 2.3 3.81 2.54 3.9 0.03 0.19 0.19 0.0 3.47 4.25 4.21 3.75 3.77 3.73 3.81
2.02 2.1 2.13 2.11 1.76 1.8 1.63 1.41 1.76 1.76 1.45 1.31 1.76 1.73 0.92 1.82 1.81 2.02 1.7 1.87 1.71 2.06 2.76 2.57 2.57 2.7 2.97 1.42 1.4 0.77 0.58 0.4 1.97 2.14 2.33 2.57 2.54 2.47 0.42 2.39 0.65 0.31 0.32 2.08 1.89 2.07 2.46 0.38 2.57 0.46 3.45 3.28 3.28 3.47 0.0 1.37 1.34 1.63 1.56 1.56 1.43
2.81 2.88 2.91 2.89 2.54 2.58 2.23 2.11 2.54 2.54 2.4 2.26 2.17 2.11 1.64 2.6 2.6 2.81 2.49 2.66 2.49 2.85 3.54 3.36 3.35 3.48 3.75 2.13 2.11 1.78 1.94 1.75 2.36 2.93 3.11 2.91 2.89 3.26 1.21 3.02 0.76 1.63 1.58 2.86 2.68 2.85 3.15 1.71 3.35 1.8 4.23 4.07 4.06 4.25 1.37 0.0 0.75 1.87 1.67 1.7 1.41
2.77 2.84 2.87 2.85 2.5 2.54 1.97 2.02 2.5 2.5 2.36 2.22 1.99 1.75 1.6 2.56 2.56 2.76 2.44 2.62 2.45 2.81 3.5 3.32 3.31 3.44 3.71 2.04 2.02 1.73 1.91 1.73 2.0 2.89 3.07 2.16 2.13 2.74 1.18 2.26 1.0 1.6 1.55 2.82 2.63 2.81 2.4 1.68 3.31 1.77 4.19 4.03 4.02 4.21 1.34 0.75 0.0 1.12 0.94 0.98 0.66
2.35 2.43 2.46 2.43 2.08 2.13 1.26 1.34 2.08 2.09 2.04 2.08 1.28 1.04 1.8 2.13 2.14 2.35 2.03 2.2 2.04 2.39 3.09 2.9 2.9 3.03 3.29 1.36 1.34 1.95 2.21 2.02 1.28 2.18 2.41 1.45 1.42 2.03 1.47 1.55 1.3 1.89 1.84 2.36 2.17 2.35 1.68 1.98 2.9 2.06 3.73 3.56 3.56 3.75 1.63 1.87 1.12 0.0 0.43 0.38 0.46
2.37 2.45 2.48 2.45 2.1 2.14 1.28 1.36 2.1 2.11 2.06 2.1 1.3 1.06 1.79 2.15 2.16 2.37 2.05 2.22 2.06 2.41 3.11 2.92 2.92 3.05 3.31 1.38 1.36 1.92 2.14 1.95 1.3 2.2 2.43 1.47 1.44 2.05 1.4 1.57 1.23 1.82 1.77 2.38 2.19 2.37 1.7 1.91 2.92 1.99 3.74 3.58 3.58 3.77 1.56 1.67 0.94 0.43 0.0 0.05 0.36
2.33 2.41 2.44 2.41 2.06 2.1 1.24 1.32 2.06 2.07 2.01 2.06 1.25 1.01 1.78 2.11 2.12 2.33 2.01 2.18 2.01 2.37 3.06 2.88 2.88 3.01 3.27 1.34 1.32 1.92 2.13 1.94 1.26 2.16 2.38 1.43 1.4 2.01 1.4 1.53 1.22 1.82 1.76 2.34 2.15 2.32 1.66 1.9 2.88 1.99 3.7 3.54 3.54 3.73 1.56 1.7 0.98 0.38 0.05 0.0 0.35
2.41 2.49 2.52 2.49 2.14 2.18 1.32 1.4 2.14 2.15 2.09 2.14 1.33 1.09 1.69 2.19 2.2 2.41 2.09 2.26 2.09 2.45 3.14 2.96 2.96 3.09 3.35 1.42 1.4 1.83 2.01 1.82 1.34 2.24 2.46 1.51 1.48 2.09 1.27 1.61 1.1 1.69 1.64 2.42 2.23 2.4 1.74 1.78 2.96 1.86 3.78 3.62 3.62 3.81 1.43 1.41 0.66 0.46 0.36 0.35 0.0
