0.0 0.41 3.79 7.81 0.69 7.5 0.09 0.73 4.8 4.8 3.8 11.55 8.48 8.3 4.51 1.65 1.04 8.54 2.03 10.19 9.02 8.64 8.13 9.68 8.4 0.75 8.02 8.56 10.24 9.3 8.54 0.27 1.23 0.6 0.6 0.87 0.69 0.27 2.03 2.65 3.63 3.37 0.17 11.6 1.18 0.41 0.09 0.69 5.72 0.72 0.17 0.17 5.12 8.11 8.11 3.95 3.95 7.64 8.94 10.69 2.12 2.12 2.12 2.12 2.12 2.12 2.12 1.72 3.12 1.72
0.41 0.0 3.38 7.42 0.29 7.1 0.32 0.32 4.39 4.39 3.4 11.14 8.08 7.91 4.1 1.26 1.27 8.13 1.62 9.79 8.62 8.25 7.73 9.27 8.01 0.36 7.62 8.16 9.83 8.9 8.13 0.17 1.29 0.19 0.19 0.47 0.29 0.17 1.62 2.25 3.24 2.98 0.24 11.2 0.79 0.0 0.32 0.29 5.32 0.31 0.24 0.24 4.72 7.71 7.71 3.54 3.54 7.25 8.53 10.29 1.72 1.72 1.72 1.72 1.72 1.72 1.72 1.32 2.73 1.32
3.79 3.38 0.0 6.82 3.68 4.28 3.7 3.7 1.57 1.57 1.88 8.32 6.04 6.01 0.72 4.64 4.66 5.31 1.76 6.96 5.8 5.63 6.21 6.45 5.91 3.74 6.26 5.33 8.31 6.5 5.31 3.55 4.68 3.19 3.19 3.86 3.68 3.55 1.76 5.64 6.62 6.36 3.62 8.37 4.17 3.38 3.7 3.68 6.95 3.69 3.62 3.62 3.92 6.35 6.35 1.08 1.08 6.63 5.71 7.46 3.16 3.16 3.16 3.16 3.16 3.16 3.16 2.76 6.11 2.76
7.81 7.42 6.82 0.0 7.13 2.54 7.73 7.11 5.24 5.24 6.24 4.54 1.01 0.84 6.1 7.93 8.68 1.51 8.02 2.83 1.66 1.18 0.67 3.78 0.94 7.06 0.55 1.81 9.43 1.83 1.94 7.58 8.7 7.61 7.61 6.94 7.13 7.58 8.02 7.51 8.71 8.57 7.64 4.59 7.46 7.42 7.73 7.13 5.08 7.12 7.64 7.64 8.23 0.65 0.65 6.94 6.94 0.35 1.54 3.68 9.14 9.14 9.14 9.14 9.14 9.14 9.14 8.73 7.67 8.73
0.69 0.29 3.68 7.13 0.0 7.39 0.6 0.1 4.69 4.69 3.69 11.31 7.79 7.62 4.39 0.97 1.56 8.28 1.91 9.6 8.43 7.96 7.44 9.57 7.72 0.07 7.33 8.45 10.12 8.61 8.42 0.46 1.57 0.48 0.48 0.18 0.0 0.46 1.91 1.96 2.95 2.69 0.52 11.37 0.5 0.29 0.6 0.0 5.03 0.09 0.52 0.52 5.01 7.42 7.42 3.84 3.84 6.96 8.31 10.46 2.01 2.01 2.01 2.01 2.01 2.01 2.01 1.61 2.44 1.61
7.5 7.1 4.28 2.54 7.39 0.0 7.42 7.42 2.7 2.7 3.7 4.04 1.76 1.74 3.56 8.36 8.37 1.03 5.48 2.69 1.52 1.36 1.93 2.17 1.63 7.46 1.99 1.06 6.89 2.22 1.03 7.26 8.39 6.91 6.91 7.52 7.39 7.26 5.48 9.35 10.34 10.08 7.33 4.1 7.89 7.1 7.42 7.39 2.68 7.41 7.33 7.33 5.69 2.08 2.08 4.39 4.39 2.36 1.44 3.19 6.87 6.87 6.87 6.87 6.87 6.87 6.87 6.47 5.27 6.47
0.09 0.32 3.7 7.73 0.6 7.42 0.0 0.64 4.71 4.71 3.72 11.46 8.39 8.22 4.42 1.57 0.96 8.45 1.94 10.1 8.94 8.56 8.04 9.59 8.32 0.67 7.93 8.48 10.15 9.21 8.45 0.35 1.14 0.51 0.51 0.78 0.6 0.35 1.94 2.56 3.55 3.28 0.08 11.51 1.09 0.32 0.0 0.6 5.63 0.63 0.08 0.08 5.04 8.02 8.02 3.86 3.86 7.56 8.85 10.61 2.04 2.04 2.04 2.04 2.04 2.04 2.04 1.63 3.04 1.63
0.73 0.32 3.7 7.11 0.1 7.42 0.64 0.0 4.72 4.72 3.72 11.29 7.77 7.6 4.42 1.07 1.6 8.27 1.94 9.58 8.42 7.94 7.43 9.59 7.7 0.12 7.31 8.48 10.15 8.59 8.45 0.49 1.62 0.51 0.51 0.17 0.1 0.49 1.94 2.06 3.05 2.78 0.56 11.35 0.59 0.32 0.64 0.1 5.01 0.01 0.56 0.56 5.04 7.4 7.4 3.87 3.87 6.94 8.29 10.44 2.04 2.04 2.04 2.04 2.04 2.04 2.04 1.64 2.42 1.64
4.8 4.39 1.57 5.24 4.69 2.7 4.71 4.72 0.0 0.0 1.0 6.74 4.47 4.44 0.85 5.65 5.67 3.74 2.77 5.39 4.22 4.06 4.64 4.88 4.34 4.75 4.69 3.76 7.32 4.93 3.74 4.56 5.69 4.2 4.2 4.87 4.69 4.56 2.77 6.65 7.63 7.37 4.63 6.8 5.18 4.39 4.71 4.69 5.38 4.7 4.63 4.63 2.98 4.78 4.78 1.69 1.69 5.06 4.14 5.89 4.17 4.17 4.17 4.17 4.17 4.17 4.17 3.77 7.12 3.77
4.8 4.39 1.57 5.24 4.69 2.7 4.71 4.72 0.0 0.0 1.0 6.74 4.47 4.44 0.85 5.65 5.67 3.74 2.77 5.39 4.22 4.06 4.64 4.88 4.34 4.75 4.69 3.76 7.32 4.93 3.74 4.56 5.69 4.2 4.2 4.87 4.69 4.56 2.77 6.65 7.63 7.37 4.63 6.8 5.18 4.39 4.71 4.69 5.38 4.7 4.63 4.63 2.98 4.78 4.78 1.69 1.69 5.06 4.14 5.89 4.17 4.17 4.17 4.17 4.17 4.17 4.17 3.77 7.12 3.77
3.8 3.4 1.88 6.24 3.69 3.7 3.72 3.72 1.0 1.0 0.0 7.74 5.46 5.44 1.29 4.66 4.67 4.73 1.78 6.39 5.22 5.06 5.64 5.88 5.33 3.76 5.69 4.76 6.43 5.92 4.73 3.56 4.69 3.2 3.2 3.87 3.69 3.56 1.78 5.65 6.64 6.38 3.63 7.8 4.19 3.4 3.72 3.69 6.38 3.71 3.63 3.63 2.04 5.78 5.78 0.8 0.8 6.06 5.14 6.89 3.17 3.17 3.17 3.17 3.17 3.17 3.17 2.77 6.13 2.77
11.55 11.14 8.32 4.54 11.31 4.04 11.46 11.29 6.74 6.74 7.74 0.0 3.76 3.73 7.6 12.12 12.41 3.47 9.52 4.04 2.88 3.35 3.93 2.16 3.63 11.24 3.98 4.13 6.64 4.22 3.06 11.3 12.43 10.95 10.95 11.13 11.31 11.3 9.52 11.7 12.9 12.76 11.37 1.17 11.64 11.14 11.46 11.31 6.72 11.31 11.37 11.37 9.73 4.07 4.07 8.44 8.44 4.35 3.0 0.85 10.91 10.91 10.91 10.91 10.91 10.91 10.91 10.51 9.31 10.51
8.48 8.08 6.04 1.01 7.79 1.76 8.39 7.77 4.47 4.47 5.46 3.76 0.0 0.17 5.32 8.6 9.34 0.73 7.24 2.05 0.88 0.41 0.47 3.01 0.13 7.72 0.46 0.79 8.65 1.25 1.16 8.25 9.36 8.27 8.27 7.61 7.79 8.25 7.24 8.18 9.38 9.24 8.3 3.81 8.12 8.08 8.39 7.79 4.3 7.78 8.3 8.3 7.45 0.55 0.55 6.16 6.16 0.83 0.76 2.91 8.64 8.64 8.64 8.64 8.64 8.64 8.64 8.23 6.89 8.23
8.3 7.91 6.01 0.84 7.62 1.74 8.22 7.6 4.44 4.44 5.44 3.73 0.17 0.0 5.29 8.42 9.17 0.7 7.21 2.02 0.85 0.38 0.3 2.98 0.1 7.55 0.29 0.96 8.62 1.22 1.13 8.08 9.19 8.1 8.1 7.44 7.62 8.08 7.21 8.0 9.2 9.06 8.13 3.79 7.95 7.91 8.22 7.62 4.27 7.61 8.13 8.13 7.42 0.38 0.38 6.13 6.13 0.66 0.73 2.88 8.61 8.61 8.61 8.61 8.61 8.61 8.61 8.21 6.87 8.21
4.51 4.1 0.72 6.1 4.39 3.56 4.42 4.42 0.85 0.85 1.29 7.6 5.32 5.29 0.0 5.36 5.38 4.59 2.48 6.24 5.08 4.91 5.49 5.73 5.19 4.46 5.54 4.62 7.73 5.78 4.59 4.27 5.4 3.91 3.91 4.58 4.39 4.27 2.48 6.36 7.34 7.08 4.34 7.65 4.89 4.1 4.42 4.39 6.23 4.41 4.34 4.34 3.34 5.64 5.64 0.95 0.95 5.91 4.99 6.75 3.88 3.88 3.88 3.88 3.88 3.88 3.88 3.47 6.83 3.47
1.65 1.26 4.64 7.93 0.97 8.36 1.57 1.07 5.65 5.65 4.66 12.12 8.6 8.42 5.36 0.0 2.52 9.09 2.88 10.41 9.24 8.76 8.25 10.53 8.52 1.01 8.14 9.39 11.09 9.42 9.39 1.42 2.54 1.45 1.45 1.07 0.97 1.42 2.88 1.0 1.98 1.72 1.48 12.17 0.47 1.26 1.57 0.97 5.86 1.05 1.48 1.48 5.98 8.23 8.23 4.8 4.8 7.76 9.12 11.26 2.98 2.98 2.98 2.98 2.98 2.98 2.98 2.57 3.26 2.57
1.04 1.27 4.66 8.68 1.56 8.37 0.96 1.6 5.67 5.67 4.67 12.41 9.34 9.17 5.38 2.52 0.0 9.41 2.9 11.06 9.89 9.51 9.0 10.55 9.27 1.62 8.88 9.43 11.11 10.16 9.41 1.31 2.1 1.47 1.47 1.74 1.56 1.31 2.9 3.52 4.5 4.24 1.04 12.47 2.05 1.27 0.96 1.56 6.58 1.58 1.04 1.04 5.99 8.98 8.98 4.82 4.82 8.51 9.81 11.56 2.99 2.99 2.99 2.99 2.99 2.99 2.99 2.59 3.99 2.59
8.54 8.13 5.31 1.51 8.28 1.03 8.45 8.27 3.74 3.74 4.73 3.47 0.73 0.7 4.59 9.09 9.41 0.0 6.51 1.76 0.59 0.33 0.9 2.45 0.6 8.22 0.95 0.66 7.92 1.19 0.87 8.3 9.42 7.94 7.94 8.1 8.28 8.3 6.51 8.67 9.87 9.73 8.37 3.52 8.62 8.13 8.45 8.28 3.57 8.28 8.37 8.37 6.72 1.05 1.05 5.43 5.43 1.32 0.47 2.62 7.91 7.91 7.91 7.91 7.91 7.91 7.91 7.5 6.16 7.5
2.03 1.62 1.76 8.02 1.91 5.48 1.94 1.94 2.77 2.77 1.78 9.52 7.24 7.21 2.48 2.88 2.9 6.51 0.0 8.16 7.0 6.84 7.41 7.65 7.11 1.98 7.46 6.54 8.21 7.7 6.51 1.79 2.92 1.43 1.43 2.1 1.91 1.79 0.0 3.88 4.86 4.6 1.86 9.57 2.41 1.62 1.94 1.91 6.94 1.93 1.86 1.86 3.1 7.56 7.56 1.92 1.92 7.83 6.91 8.67 1.4 1.4 1.4 1.4 1.4 1.4 1.4 0.99 4.35 0.99
10.19 9.79 6.96 2.83 9.6 2.69 10.1 9.58 5.39 5.39 6.39 4.04 2.05 2.02 6.24 10.41 11.06 1.76 8.16 0.0 1.17 1.64 2.22 3.5 1.92 9.53 2.27 2.42 9.57 2.51 1.66 9.95 11.08 9.59 9.59 9.42 9.6 9.95 8.16 9.99 11.19 11.05 10.02 4.1 9.93 9.79 10.1 9.6 5.33 9.6 10.02 10.02 8.37 2.36 2.36 7.08 7.08 2.64 1.29 3.19 9.56 9.56 9.56 9.56 9.56 9.56 9.56 9.16 7.92 9.16
9.02 8.62 5.8 1.66 8.43 1.52 8.94 8.42 4.22 4.22 5.22 2.88 0.88 0.85 5.08 9.24 9.89 0.59 7.0 1.17 0.0 0.48 1.05 2.33 0.75 8.37 1.1 1.25 8.4 1.34 0.49 8.78 9.91 8.43 8.43 8.25 8.43 8.78 7.0 8.82 10.02 9.88 8.85 2.93 8.77 8.62 8.94 8.43 4.16 8.43 8.85 8.85 7.21 1.2 1.2 5.91 5.91 1.47 0.12 2.03 8.39 8.39 8.39 8.39 8.39 8.39 8.39 7.99 6.75 7.99
8.64 8.25 5.63 1.18 7.96 1.36 8.56 7.94 4.06 4.06 5.06 3.35 0.41 0.38 4.91 8.76 9.51 0.33 6.84 1.64 0.48 0.0 0.58 2.6 0.28 7.89 0.63 0.98 8.24 0.87 0.76 8.41 9.53 8.26 8.26 7.77 7.96 8.41 6.84 8.34 9.54 9.4 8.47 3.41 8.29 8.25 8.56 7.96 3.89 7.95 8.47 8.47 7.04 0.72 0.72 5.75 5.75 1.0 0.35 2.5 8.23 8.23 8.23 8.23 8.23 8.23 8.23 7.83 6.49 7.83
8.13 7.73 6.21 0.67 7.44 1.93 8.04 7.43 4.64 4.64 5.64 3.93 0.47 0.3 5.49 8.25 9.0 0.9 7.41 2.22 1.05 0.58 0.0 3.18 0.34 7.37 0.11 1.24 8.82 1.17 1.33 7.9 9.02 7.93 7.93 7.26 7.44 7.9 7.41 7.83 9.03 8.89 7.96 3.99 7.78 7.73 8.04 7.44 4.47 7.44 7.96 7.96 7.62 0.21 0.21 6.33 6.33 0.48 0.93 3.08 8.81 8.81 8.81 8.81 8.81 8.81 8.81 8.41 7.06 8.41
9.68 9.27 6.45 3.78 9.57 2.17 9.59 9.59 4.88 4.88 5.88 2.16 3.01 2.98 5.73 10.53 10.55 2.45 7.65 3.5 2.33 2.6 3.18 0.0 2.88 9.63 3.23 3.07 7.42 3.47 1.85 9.44 10.57 9.08 9.08 9.7 9.57 9.44 7.65 10.95 12.15 12.01 9.51 1.94 10.06 9.27 9.59 9.57 4.85 9.58 9.51 9.51 7.86 3.32 3.32 6.57 6.57 3.6 2.25 1.59 9.05 9.05 9.05 9.05 9.05 9.05 9.05 8.65 7.44 8.65
8.4 8.01 5.91 0.94 7.72 1.63 8.32 7.7 4.34 4.34 5.33 3.63 0.13 0.1 5.19 8.52 9.27 0.6 7.11 1.92 0.75 0.28 0.34 2.88 0.0 7.65 0.39 0.92 8.52 1.12 1.03 8.18 9.29 8.2 8.2 7.54 7.72 8.18 7.11 8.1 9.3 9.16 8.23 3.68 8.05 8.01 8.32 7.72 4.17 7.71 8.23 8.23 7.32 0.48 0.48 6.03 6.03 0.76 0.63 2.78 8.51 8.51 8.51 8.51 8.51 8.51 8.51 8.1 6.76 8.1
0.75 0.36 3.74 7.06 0.07 7.46 0.67 0.12 4.75 4.75 3.76 11.24 7.72 7.55 4.46 1.01 1.62 8.22 1.98 9.53 8.37 7.89 7.37 9.63 7.65 0.0 7.26 8.51 10.19 8.54 8.49 0.52 1.64 0.55 0.55 0.12 0.07 0.52 1.98 2.01 2.99 2.73 0.58 11.3 0.54 0.36 0.67 0.07 4.96 0.11 0.58 0.58 5.08 7.35 7.35 3.9 3.9 6.89 8.24 10.39 2.08 2.08 2.08 2.08 2.08 2.08 2.08 1.67 2.37 1.67
8.02 7.62 6.26 0.55 7.33 1.99 7.93 7.31 4.69 4.69 5.69 3.98 0.46 0.29 5.54 8.14 8.88 0.95 7.46 2.27 1.1 0.63 0.11 3.23 0.39 7.26 0.0 1.25 8.87 1.28 1.38 7.79 8.9 7.81 7.81 7.15 7.33 7.79 7.46 7.72 8.92 8.78 7.84 4.04 7.66 7.62 7.93 7.33 4.52 7.32 7.84 7.84 7.67 0.09 0.09 6.38 6.38 0.37 0.98 3.13 8.86 8.86 8.86 8.86 8.86 8.86 8.86 8.46 7.12 8.46
8.56 8.16 5.33 1.81 8.45 1.06 8.48 8.48 3.76 3.76 4.76 4.13 0.79 0.96 4.62 9.39 9.43 0.66 6.54 2.42 1.25 0.98 1.24 3.07 0.92 8.51 1.25 0.0 7.94 1.83 1.53 8.32 9.45 7.97 7.97 8.4 8.45 8.32 6.54 8.97 10.17 10.03 8.39 4.18 8.92 8.16 8.48 8.45 3.6 8.47 8.39 8.39 6.75 1.34 1.34 5.45 5.45 1.62 1.13 3.28 7.93 7.93 7.93 7.93 7.93 7.93 7.93 7.53 6.19 7.53
10.24 9.83 8.31 9.43 10.12 6.89 10.15 10.15 7.32 7.32 6.43 6.64 8.65 8.62 7.73 11.09 11.11 7.92 8.21 9.57 8.4 8.24 8.82 7.42 8.52 10.19 8.87 7.94 0.0 9.11 7.92 10.0 11.13 9.64 9.64 10.31 10.12 10.0 8.21 12.09 13.07 12.81 10.07 5.48 10.62 9.83 10.15 10.12 9.56 10.14 10.07 10.07 6.16 8.96 8.96 7.23 7.23 9.24 8.32 6.38 9.61 9.61 9.61 9.61 9.61 9.61 9.61 9.2 12.15 9.2
9.3 8.9 6.5 1.83 8.61 2.22 9.21 8.59 4.93 4.93 5.92 4.22 1.25 1.22 5.78 9.42 10.16 1.19 7.7 2.51 1.34 0.87 1.17 3.47 1.12 8.54 1.28 1.83 9.11 0.0 1.62 9.07 10.18 9.09 9.09 8.43 8.61 9.07 7.7 9.0 10.2 10.06 9.12 4.27 8.94 8.9 9.21 8.61 4.76 8.6 9.12 9.12 7.91 1.37 1.37 6.62 6.62 1.65 1.22 3.37 9.1 9.1 9.1 9.1 9.1 9.1 9.1 8.69 7.35 8.69
8.54 8.13 5.31 1.94 8.42 1.03 8.45 8.45 3.74 3.74 4.73 3.06 1.16 1.13 4.59 9.39 9.41 0.87 6.51 1.66 0.49 0.76 1.33 1.85 1.03 8.49 1.38 1.53 7.92 1.62 0.0 8.29 9.42 7.94 7.94 8.53 8.42 8.29 6.51 9.1 10.3 10.16 8.37 3.12 8.92 8.13 8.45 8.42 3.71 8.44 8.37 8.37 6.72 1.48 1.48 5.43 5.43 1.76 0.4 2.21 7.9 7.9 7.9 7.91 7.91 7.91 7.91 7.5 6.3 7.5
0.27 0.17 3.55 7.58 0.46 7.26 0.35 0.49 4.56 4.56 3.56 11.3 8.25 8.08 4.27 1.42 1.31 8.3 1.79 9.95 8.78 8.41 7.9 9.44 8.18 0.52 7.79 8.32 10.0 9.07 8.29 0.0 1.46 0.36 0.36 0.64 0.46 0.0 1.79 2.42 3.4 3.14 0.4 11.36 0.95 0.17 0.35 0.46 5.49 0.47 0.4 0.4 4.88 7.88 7.88 3.71 3.71 7.42 8.7 10.45 1.88 1.88 1.88 1.88 1.88 1.88 1.88 1.48 2.89 1.48
1.23 1.29 4.68 8.7 1.57 8.39 1.14 1.62 5.69 5.69 4.69 12.43 9.36 9.19 5.4 2.54 2.1 9.42 2.92 11.08 9.91 9.53 9.02 10.57 9.29 1.64 8.9 9.45 11.13 10.18 9.42 1.46 0.0 1.49 1.49 1.76 1.57 1.46 2.92 3.54 4.52 4.26 1.06 12.49 2.07 1.29 1.14 1.57 6.6 1.6 1.06 1.06 6.01 9.0 9.0 4.84 4.84 8.53 9.83 11.58 3.01 3.01 3.01 3.01 3.01 3.01 3.01 2.61 4.01 2.61
0.6 0.19 3.19 7.61 0.48 6.91 0.51 0.51 4.2 4.2 3.2 10.95 8.27 8.1 3.91 1.45 1.47 7.94 1.43 9.59 8.43 8.26 7.93 9.08 8.2 0.55 7.81 7.97 9.64 9.09 7.94 0.36 1.49 0.0 0.0 0.67 0.48 0.36 1.43 2.45 3.43 3.17 0.43 11.0 0.98 0.19 0.51 0.48 5.51 0.5 0.43 0.43 4.52 7.91 7.91 3.35 3.35 7.44 8.34 10.1 1.53 1.53 1.53 1.53 1.53 1.53 1.53 1.12 2.92 1.12
0.6 0.19 3.19 7.61 0.48 6.91 0.51 0.51 4.2 4.2 3.2 10.95 8.27 8.1 3.91 1.45 1.47 7.94 1.43 9.59 8.43 8.26 7.93 9.08 8.2 0.55 7.81 7.97 9.64 9.09 7.94 0.36 1.49 0.0 0.0 0.67 0.48 0.36 1.43 2.45 3.43 3.17 0.43 11.0 0.98 0.19 0.51 0.48 5.51 0.5 0.43 0.43 4.52 7.91 7.91 3.35 3.35 7.44 8.34 10.1 1.53 1.53 1.53 1.53 1.53 1.53 1.53 1.12 2.92 1.12
0.87 0.47 3.86 6.94 0.18 7.52 0.78 0.17 4.87 4.87 3.87 11.13 7.61 7.44 4.58 1.07 1.74 8.1 2.1 9.42 8.25 7.77 7.26 9.7 7.54 0.12 7.15 8.4 10.31 8.43 8.53 0.64 1.76 0.67 0.67 0.0 0.18 0.64 2.1 2.07 3.05 2.79 0.7 11.18 0.6 0.47 0.78 0.18 4.85 0.18 0.7 0.7 5.19 7.24 7.24 4.02 4.02 6.78 8.13 10.28 2.19 2.19 2.19 2.19 2.19 2.19 2.19 1.79 2.25 1.79
0.69 0.29 3.68 7.13 0.0 7.39 0.6 0.1 4.69 4.69 3.69 11.31 7.79 7.62 4.39 0.97 1.56 8.28 1.91 9.6 8.43 7.96 7.44 9.57 7.72 0.07 7.33 8.45 10.12 8.61 8.42 0.46 1.57 0.48 0.48 0.18 0.0 0.46 1.91 1.96 2.95 2.69 0.52 11.37 0.5 0.29 0.6 0.0 5.03 0.09 0.52 0.52 5.01 7.42 7.42 3.84 3.84 6.96 8.31 10.46 2.01 2.01 2.01 2.01 2.01 2.01 2.01 1.61 2.44 1.61
0.27 0.17 3.55 7.58 0.46 7.26 0.35 0.49 4.56 4.56 3.56 11.3 8.25 8.08 4.27 1.42 1.31 8.3 1.79 9.95 8.78 8.41 7.9 9.44 8.18 0.52 7.79 8.32 10.0 9.07 8.29 0.0 1.46 0.36 0.36 0.64 0.46 0.0 1.79 2.42 3.4 3.14 0.4 11.36 0.95 0.17 0.35 0.46 5.49 0.47 0.4 0.4 4.88 7.88 7.88 3.71 3.71 7.42 8.7 10.45 1.88 1.88 1.88 1.88 1.88 1.88 1.88 1.48 2.89 1.48
2.03 1.62 1.76 8.02 1.91 5.48 1.94 1.94 2.77 2.77 1.78 9.52 7.24 7.21 2.48 2.88 2.9 6.51 0.0 8.16 7.0 6.84 7.41 7.65 7.11 1.98 7.46 6.54 8.21 7.7 6.51 1.79 2.92 1.43 1.43 2.1 1.91 1.79 0.0 3.88 4.86 4.6 1.86 9.57 2.41 1.62 1.94 1.91 6.94 1.93 1.86 1.86 3.1 7.56 7.56 1.92 1.92 7.83 6.91 8.67 1.4 1.4 1.4 1.4 1.4 1.4 1.4 0.99 4.35 0.99
2.65 2.25 5.64 7.51 1.96 9.35 2.56 2.06 6.65 6.65 5.65 11.7 8.18 8.0 6.36 1.0 3.52 8.67 3.88 9.99 8.82 8.34 7.83 10.95 8.1 2.01 7.72 8.97 12.09 9.0 9.1 2.42 3.54 2.45 2.45 2.07 1.96 2.42 3.88 0.0 1.2 1.07 2.48 11.75 1.47 2.25 2.56 1.96 6.85 2.05 2.48 2.48 6.97 7.81 7.81 5.8 5.8 7.34 8.7 10.84 3.97 3.97 3.97 3.97 3.97 3.97 3.97 3.57 4.26 3.57
3.63 3.24 6.62 8.71 2.95 10.34 3.55 3.05 7.63 7.63 6.64 12.9 9.38 9.2 7.34 1.98 4.5 9.87 4.86 11.19 10.02 9.54 9.03 12.15 9.3 2.99 8.92 10.17 13.07 10.2 10.3 3.4 4.52 3.43 3.43 3.05 2.95 3.4 4.86 1.2 0.0 0.35 3.46 12.95 2.45 3.24 3.55 2.95 7.84 3.03 3.46 3.46 7.96 9.01 9.01 6.78 6.78 8.54 9.9 12.04 4.96 4.96 4.96 4.96 4.96 4.96 4.96 4.55 5.24 4.55
3.37 2.98 6.36 8.57 2.69 10.08 3.28 2.78 7.37 7.37 6.38 12.76 9.24 9.06 7.08 1.72 4.24 9.73 4.6 11.05 9.88 9.4 8.89 12.01 9.16 2.73 8.78 10.03 12.81 10.06 10.16 3.14 4.26 3.17 3.17 2.79 2.69 3.14 4.6 1.07 0.35 0.0 3.2 12.81 2.19 2.98 3.28 2.69 7.58 2.77 3.2 3.2 7.7 8.87 8.87 6.52 6.52 8.4 9.76 11.9 4.7 4.7 4.7 4.7 4.7 4.7 4.7 4.29 4.98 4.29
0.17 0.24 3.62 7.64 0.52 7.33 0.08 0.56 4.63 4.63 3.63 11.37 8.3 8.13 4.34 1.48 1.04 8.37 1.86 10.02 8.85 8.47 7.96 9.51 8.23 0.58 7.84 8.39 10.07 9.12 8.37 0.4 1.06 0.43 0.43 0.7 0.52 0.4 1.86 2.48 3.46 3.2 0.0 11.43 1.01 0.24 0.08 0.52 5.54 0.54 0.0 0.0 4.95 7.94 7.94 3.78 3.78 7.47 8.77 10.52 1.95 1.95 1.95 1.95 1.95 1.95 1.95 1.55 2.95 1.55
11.6 11.2 8.37 4.59 11.37 4.1 11.51 11.35 6.8 6.8 7.8 1.17 3.81 3.79 7.65 12.17 12.47 3.52 9.57 4.1 2.93 3.41 3.99 1.94 3.68 11.3 4.04 4.18 5.48 4.27 3.12 11.36 12.49 11.0 11.0 11.18 11.37 11.36 9.57 11.75 12.95 12.81 11.43 0.0 11.7 11.2 11.51 11.37 6.77 11.36 11.43 11.43 9.78 4.13 4.13 8.49 8.49 4.41 3.06 0.91 10.97 10.97 10.97 10.97 10.97 10.97 10.97 10.57 9.37 10.57
1.18 0.79 4.17 7.46 0.5 7.89 1.09 0.59 5.18 5.18 4.19 11.64 8.12 7.95 4.89 0.47 2.05 8.62 2.41 9.93 8.77 8.29 7.78 10.06 8.05 0.54 7.66 8.92 10.62 8.94 8.92 0.95 2.07 0.98 0.98 0.6 0.5 0.95 2.41 1.47 2.45 2.19 1.01 11.7 0.0 0.79 1.09 0.5 5.39 0.58 1.01 1.01 5.51 7.76 7.76 4.33 4.33 7.29 8.64 10.79 2.51 2.51 2.51 2.51 2.51 2.51 2.51 2.1 2.79 2.1
0.41 0.0 3.38 7.42 0.29 7.1 0.32 0.32 4.39 4.39 3.4 11.14 8.08 7.91 4.1 1.26 1.27 8.13 1.62 9.79 8.62 8.25 7.73 9.27 8.01 0.36 7.62 8.16 9.83 8.9 8.13 0.17 1.29 0.19 0.19 0.47 0.29 0.17 1.62 2.25 3.24 2.98 0.24 11.2 0.79 0.0 0.32 0.29 5.32 0.31 0.24 0.24 4.72 7.71 7.71 3.54 3.54 7.25 8.53 10.29 1.72 1.72 1.72 1.72 1.72 1.72 1.72 1.32 2.73 1.32
0.09 0.32 3.7 7.73 0.6 7.42 0.0 0.64 4.71 4.71 3.72 11.46 8.39 8.22 4.42 1.57 0.96 8.45 1.94 10.1 8.94 8.56 8.04 9.59 8.32 0.67 7.93 8.48 10.15 9.21 8.45 0.35 1.14 0.51 0.51 0.78 0.6 0.35 1.94 2.56 3.55 3.28 0.08 11.51 1.09 0.32 0.0 0.6 5.63 0.63 0.08 0.08 5.04 8.02 8.02 3.86 3.86 7.56 8.85 10.61 2.04 2.04 2.04 2.04 2.04 2.04 2.04 1.63 3.04 1.63
0.69 0.29 3.68 7.13 0.0 7.39 0.6 0.1 4.69 4.69 3.69 11.31 7.79 7.62 4.39 0.97 1.56 8.28 1.91 9.6 8.43 7.96 7.44 9.57 7.72 0.07 7.33 8.45 10.12 8.61 8.42 0.46 1.57 0.48 0.48 0.18 0.0 0.46 1.91 1.96 2.95 2.69 0.52 11.37 0.5 0.29 0.6 0.0 5.03 0.09 0.52 0.52 5.01 7.42 7.42 3.84 3.84 6.96 8.31 10.46 2.01 2.01 2.01 2.01 2.01 2.01 2.01 1.61 2.44 1.61
5.72 5.32 6.95 5.08 5.03 2.68 5.63 5.01 5.38 5.38 6.38 6.72 4.3 4.27 6.23 5.86 6.58 3.57 6.94 5.33 4.16 3.89 4.47 4.85 4.17 4.96 4.52 3.6 9.56 4.76 3.71 5.49 6.6 5.51 5.51 4.85 5.03 5.49 6.94 6.85 7.84 7.58 5.54 6.77 5.39 5.32 5.63 5.03 0.0 5.02 5.54 5.54 8.36 4.62 4.62 7.07 7.07 4.89 4.04 5.87 7.04 7.04 7.04 7.04 7.04 7.04 7.04 6.64 2.59 6.64
0.72 0.31 3.69 7.12 0.09 7.41 0.63 0.01 4.7 4.7 3.71 11.31 7.78 7.61 4.41 1.05 1.58 8.28 1.93 9.6 8.43 7.95 7.44 9.58 7.71 0.11 7.32 8.47 10.14 8.6 8.44 0.47 1.6 0.5 0.5 0.18 0.09 0.47 1.93 2.05 3.03 2.77 0.54 11.36 0.58 0.31 0.63 0.09 5.02 0.0 0.54 0.54 5.03 7.42 7.42 3.85 3.85 6.95 8.3 10.45 2.03 2.03 2.03 2.03 2.03 2.03 2.03 1.62 2.43 1.62
0.17 0.24 3.62 7.64 0.52 7.33 0.08 0.56 4.63 4.63 3.63 11.37 8.3 8.13 4.34 1.48 1.04 8.37 1.86 10.02 8.85 8.47 7.96 9.51 8.23 0.58 7.84 8.39 10.07 9.12 8.37 0.4 1.06 0.43 0.43 0.7 0.52 0.4 1.86 2.48 3.46 3.2 0.0 11.43 1.01 0.24 0.08 0.52 5.54 0.54 0.0 0.0 4.95 7.94 7.94 3.78 3.78 7.47 8.77 10.52 1.95 1.95 1.95 1.95 1.95 1.95 1.95 1.55 2.95 1.55
0.17 0.24 3.62 7.64 0.52 7.33 0.08 0.56 4.63 4.63 3.63 11.37 8.3 8.13 4.34 1.48 1.04 8.37 1.86 10.02 8.85 8.47 7.96 9.51 8.23 0.58 7.84 8.39 10.07 9.12 8.37 0.4 1.06 0.43 0.43 0.7 0.52 0.4 1.86 2.48 3.46 3.2 0.0 11.43 1.01 0.24 0.08 0.52 5.54 0.54 0.0 0.0 4.95 7.94 7.94 3.78 3.78 7.47 8.77 10.52 1.95 1.95 1.95 1.95 1.95 1.95 1.95 1.55 2.95 1.55
5.12 4.72 3.92 8.23 5.01 5.69 5.04 5.04 2.98 2.98 2.04 9.73 7.45 7.42 3.34 5.98 5.99 6.72 3.1 8.37 7.21 7.04 7.62 7.86 7.32 5.08 7.67 6.75 6.16 7.91 6.72 4.88 6.01 4.52 4.52 5.19 5.01 4.88 3.1 6.97 7.96 7.7 4.95 9.78 5.51 4.72 5.04 5.01 8.36 5.03 4.95 4.95 0.0 7.77 7.77 2.84 2.84 8.04 7.12 8.88 4.49 4.49 4.49 4.49 4.49 4.49 4.49 4.09 7.45 4.09
8.11 7.71 6.35 0.65 7.42 2.08 8.02 7.4 4.78 4.78 5.78 4.07 0.55 0.38 5.64 8.23 8.98 1.05 7.56 2.36 1.2 0.72 0.21 3.32 0.48 7.35 0.09 1.34 8.96 1.37 1.48 7.88 9.0 7.91 7.91 7.24 7.42 7.88 7.56 7.81 9.01 8.87 7.94 4.13 7.76 7.71 8.02 7.42 4.62 7.42 7.94 7.94 7.77 0.0 0.0 6.47 6.47 0.46 1.07 3.22 8.95 8.95 8.95 8.95 8.95 8.95 8.95 8.55 7.21 8.55
8.11 7.71 6.35 0.65 7.42 2.08 8.02 7.4 4.78 4.78 5.78 4.07 0.55 0.38 5.64 8.23 8.98 1.05 7.56 2.36 1.2 0.72 0.21 3.32 0.48 7.35 0.09 1.34 8.96 1.37 1.48 7.88 9.0 7.91 7.91 7.24 7.42 7.88 7.56 7.81 9.01 8.87 7.94 4.13 7.76 7.71 8.02 7.42 4.62 7.42 7.94 7.94 7.77 0.0 0.0 6.47 6.47 0.46 1.07 3.22 8.95 8.95 8.95 8.95 8.95 8.95 8.95 8.55 7.21 8.55
3.95 3.54 1.08 6.94 3.84 4.39 3.86 3.87 1.69 1.69 0.8 8.44 6.16 6.13 0.95 4.8 4.82 5.43 1.92 7.08 5.91 5.75 6.33 6.57 6.03 3.9 6.38 5.45 7.23 6.62 5.43 3.71 4.84 3.35 3.35 4.02 3.84 3.71 1.92 5.8 6.78 6.52 3.78 8.49 4.33 3.54 3.86 3.84 7.07 3.85 3.78 3.78 2.84 6.47 6.47 0.0 0.0 6.75 5.83 7.58 3.32 3.32 3.32 3.32 3.32 3.32 3.32 2.92 6.27 2.92
3.95 3.54 1.08 6.94 3.84 4.39 3.86 3.87 1.69 1.69 0.8 8.44 6.16 6.13 0.95 4.8 4.82 5.43 1.92 7.08 5.91 5.75 6.33 6.57 6.03 3.9 6.38 5.45 7.23 6.62 5.43 3.71 4.84 3.35 3.35 4.02 3.84 3.71 1.92 5.8 6.78 6.52 3.78 8.49 4.33 3.54 3.86 3.84 7.07 3.85 3.78 3.78 2.84 6.47 6.47 0.0 0.0 6.75 5.83 7.58 3.32 3.32 3.32 3.32 3.32 3.32 3.32 2.92 6.27 2.92
7.64 7.25 6.63 0.35 6.96 2.36 7.56 6.94 5.06 5.06 6.06 4.35 0.83 0.66 5.91 7.76 8.51 1.32 7.83 2.64 1.47 1.0 0.48 3.6 0.76 6.89 0.37 1.62 9.24 1.65 1.76 7.42 8.53 7.44 7.44 6.78 6.96 7.42 7.83 7.34 8.54 8.4 7.47 4.41 7.29 7.25 7.56 6.96 4.89 6.95 7.47 7.47 8.04 0.46 0.46 6.75 6.75 0.0 1.35 3.5 8.97 8.97 8.97 8.97 8.97 8.97 8.97 8.57 7.49 8.57
8.94 8.53 5.71 1.54 8.31 1.44 8.85 8.29 4.14 4.14 5.14 3.0 0.76 0.73 4.99 9.12 9.81 0.47 6.91 1.29 0.12 0.35 0.93 2.25 0.63 8.24 0.98 1.13 8.32 1.22 0.4 8.7 9.83 8.34 8.34 8.13 8.31 8.7 6.91 8.7 9.9 9.76 8.77 3.06 8.64 8.53 8.85 8.31 4.04 8.3 8.77 8.77 7.12 1.07 1.07 5.83 5.83 1.35 0.0 2.15 8.31 8.31 8.31 8.31 8.31 8.31 8.31 7.91 6.63 7.91
10.69 10.29 7.46 3.68 10.46 3.19 10.61 10.44 5.89 5.89 6.89 0.85 2.91 2.88 6.75 11.26 11.56 2.62 8.67 3.19 2.03 2.5 3.08 1.59 2.78 10.39 3.13 3.28 6.38 3.37 2.21 10.45 11.58 10.1 10.1 10.28 10.46 10.45 8.67 10.84 12.04 11.9 10.52 0.91 10.79 10.29 10.61 10.46 5.87 10.45 10.52 10.52 8.88 3.22 3.22 7.58 7.58 3.5 2.15 0.0 10.06 10.06 10.06 10.06 10.06 10.06 10.06 9.66 8.46 9.66
2.12 1.72 3.16 9.14 2.01 6.87 2.04 2.04 4.17 4.17 3.17 10.91 8.64 8.61 3.88 2.98 2.99 7.91 1.4 9.56 8.39 8.23 8.81 9.05 8.51 2.08 8.86 7.93 9.61 9.1 7.9 1.88 3.01 1.53 1.53 2.19 2.01 1.88 1.4 3.97 4.96 4.7 1.95 10.97 2.51 1.72 2.04 2.01 7.04 2.03 1.95 1.95 4.49 8.95 8.95 3.32 3.32 8.97 8.31 10.06 0.0 0.0 0.0 0.0 0.0 0.0 0.0 0.4 4.45 0.4
2.12 1.72 3.16 9.14 2.01 6.87 2.04 2.04 4.17 4.17 3.17 10.91 8.64 8.61 3.88 2.98 2.99 7.91 1.4 9.56 8.39 8.23 8.81 9.05 8.51 2.08 8.86 7.93 9.61 9.1 7.9 1.88 3.01 1.53 1.53 2.19 2.01 1.88 1.4 3.97 4.96 4.7 1.95 10.97 2.51 1.72 2.04 2.01 7.04 2.03 1.95 1.95 4.49 8.95 8.95 3.32 3.32 8.97 8.31 10.06 0.0 0.0 0.0 0.0 0.0 0.0 0.0 0.4 4.45 0.4
2.12 1.72 3.16 9.14 2.01 6.87 2.04 2.04 4.17 4.17 3.17 10.91 8.64 8.61 3.88 2.98 2.99 7.91 1.4 9.56 8.39 8.23 8.81 9.05 8.51 2.08 8.86 7.93 9.61 9.1 7.9 1.88 3.01 1.53 1.53 2.19 2.01 1.88 1.4 3.97 4.96 4.7 1.95 10.97 2.51 1.72 2.04 2.01 7.04 2.03 1.95 1.95 4.49 8.95 8.95 3.32 3.32 8.97 8.31 10.06 0.0 0.0 0.0 0.0 0.0 0.0 0.0 0.4 4.45 0.4
2.12 1.72 3.16 9.14 2.01 6.87 2.04 2.04 4.17 4.17 3.17 10.91 8.64 8.61 3.88 2.98 2.99 7.91 1.4 9.56 8.39 8.23 8.81 9.05 8.51 2.08 8.86 7.93 9.61 9.1 7.91 1.88 3.01 1.53 1.53 2.19 2.01 1.88 1.4 3.97 4.96 4.7 1.95 10.97 2.51 1.72 2.04 2.01 7.04 2.03 1.95 1.95 4.49 8.95 8.95 3.32 3.32 8.97 8.31 10.06 0.0 0.0 0.0 0.0 0.0 0.0 0.0 0.4 4.45 0.4
2.12 1.72 3.16 9.14 2.01 6.87 2.04 2.04 4.17 4.17 3.17 10.91 8.64 8.61 3.88 2.98 2.99 7.91 1.4 9.56 8.39 8.23 8.81 9.05 8.51 2.08 8.86 7.93 9.61 9.1 7.91 1.88 3.01 1.53 1.53 2.19 2.01 1.88 1.4 3.97 4.96 4.7 1.95 10.97 2.51 1.72 2.04 2.01 7.04 2.03 1.95 1.95 4.49 8.95 8.95 3.32 3.32 8.97 8.31 10.06 0.0 0.0 0.0 0.0 0.0 0.0 0.0 0.4 4.45 0.4
2.12 1.72 3.16 9.14 2.01 6.87 2.04 2.04 4.17 4.17 3.17 10.91 8.64 8.61 3.88 2.98 2.99 7.91 1.4 9.56 8.39 8.23 8.81 9.05 8.51 2.08 8.86 7.93 9.61 9.1 7.91 1.88 3.01 1.53 1.53 2.19 2.01 1.88 1.4 3.97 4.96 4.7 1.95 10.97 2.51 1.72 2.04 2.01 7.04 2.03 1.95 1.95 4.49 8.95 8.95 3.32 3.32 8.97 8.31 10.06 0.0 0.0 0.0 0.0 0.0 0.0 0.0 0.4 4.45 0.4
2.12 1.72 3.16 9.14 2.01 6.87 2.04 2.04 4.17 4.17 3.17 10.91 8.64 8.61 3.88 2.98 2.99 7.91 1.4 9.56 8.39 8.23 8.81 9.05 8.51 2.08 8.86 7.93 9.61 9.1 7.91 1.88 3.01 1.53 1.53 2.19 2.01 1.88 1.4 3.97 4.96 4.7 1.95 10.97 2.51 1.72 2.04 2.01 7.04 2.03 1.95 1.95 4.49 8.95 8.95 3.32 3.32 8.97 8.31 10.06 0.0 0.0 0.0 0.0 0.0 0.0 0.0 0.4 4.45 0.4
1.72 1.32 2.76 8.73 1.61 6.47 1.63 1.64 3.77 3.77 2.77 10.51 8.23 8.21 3.47 2.57 2.59 7.5 0.99 9.16 7.99 7.83 8.41 8.65 8.1 1.67 8.46 7.53 9.2 8.69 7.5 1.48 2.61 1.12 1.12 1.79 1.61 1.48 0.99 3.57 4.55 4.29 1.55 10.57 2.1 1.32 1.63 1.61 6.64 1.62 1.55 1.55 4.09 8.55 8.55 2.92 2.92 8.57 7.91 9.66 0.4 0.4 0.4 0.4 0.4 0.4 0.4 0.0 4.04 0.0
3.12 2.73 6.11 7.67 2.44 5.27 3.04 2.42 7.12 7.12 6.13 9.31 6.89 6.87 6.83 3.26 3.99 6.16 4.35 7.92 6.75 6.49 7.06 7.44 6.76 2.37 7.12 6.19 12.15 7.35 6.3 2.89 4.01 2.92 2.92 2.25 2.44 2.89 4.35 4.26 5.24 4.98 2.95 9.37 2.79 2.73 3.04 2.44 2.59 2.43 2.95 2.95 7.45 7.21 7.21 6.27 6.27 7.49 6.63 8.46 4.45 4.45 4.45 4.45 4.45 4.45 4.45 4.04 0.0 4.04
1.72 1.32 2.76 8.73 1.61 6.47 1.63 1.64 3.77 3.77 2.77 10.51 8.23 8.21 3.47 2.57 2.59 7.5 0.99 9.16 7.99 7.83 8.41 8.65 8.1 1.67 8.46 7.53 9.2 8.69 7.5 1.48 2.61 1.12 1.12 1.79 1.61 1.48 0.99 3.57 4.55 4.29 1.55 10.57 2.1 1.32 1.63 1.61 6.64 1.62 1.55 1.55 4.09 8.55 8.55 2.92 2.92 8.57 7.91 9.66 0.4 0.4 0.4 0.4 0.4 0.4 0.4 0.0 4.04 0.0
